0 0.0141505 1.16786e-12
0.01 0.014652 4.83846e-12
0.02 0.0151676 1.12762e-11
0.03 0.0156976 2.07647e-11
0.04 0.0162424 3.36083e-11
0.05 0.0168024 5.01331e-11
0.06 0.0173778 7.0688e-11
0.07 0.0179691 9.56467e-11
0.08 0.0185765 1.25409e-10
0.09 0.0192006 1.60401e-10
0.1 0.0198417 2.0108e-10
0.11 0.0205001 2.47932e-10
0.12 0.0211762 3.01477e-10
0.13 0.0218706 3.62269e-10
0.14 0.0225835 4.30897e-10
0.15 0.0233155 5.07992e-10
0.16 0.0240669 5.94222e-10
0.17 0.0248381 6.903e-10
0.18 0.0256297 7.96984e-10
0.19 0.026442 9.1508e-10
0.2 0.0272756 1.04544e-09
0.21 0.0281309 1.18899e-09
0.22 0.0290083 1.34667e-09
0.23 0.0299084 1.51953e-09
0.24 0.0308316 1.70865e-09
0.25 0.0317785 1.91517e-09
0.26 0.0327495 2.14034e-09
0.27 0.0337452 2.38543e-09
0.28 0.0347661 2.65184e-09
0.29 0.0358127 2.941e-09
0.3 0.0368855 3.25447e-09
0.31 0.0379852 3.59387e-09
0.32 0.0391123 3.96093e-09
0.33 0.0402673 4.35747e-09
0.34 0.0414507 4.78542e-09
0.35 0.0426633 5.24682e-09
0.36 0.0439056 5.74382e-09
0.37 0.0451781 6.2787e-09
0.38 0.0464816 6.85387e-09
0.39 0.0478165 7.47184e-09
0.4 0.0491835 8.13532e-09
0.41 0.0505833 8.8471e-09
0.42 0.0520166 9.61019e-09
0.43 0.0534838 1.04277e-08
0.44 0.0549857 1.1303e-08
0.45 0.056523 1.22395e-08
0.46 0.0580964 1.32409e-08
0.47 0.0597064 1.4311e-08
0.48 0.0613539 1.5454e-08
0.49 0.0630394 1.66742e-08
0.5 0.0647638 1.7976e-08
0.51 0.0665276 1.93642e-08
0.52 0.0683316 2.08438e-08
0.53 0.0701766 2.242e-08
0.54 0.0720633 2.40984e-08
0.55 0.0739924 2.58848e-08
0.56 0.0759646 2.77852e-08
0.57 0.0779807 2.98061e-08
0.58 0.0800415 3.19541e-08
0.59 0.0821477 3.42364e-08
0.6 0.0843 3.66603e-08
0.61 0.0864993 3.92336e-08
0.62 0.0887464 4.19645e-08
0.63 0.0910419 4.48615e-08
0.64 0.0933867 4.79335e-08
0.65 0.0957816 5.119e-08
0.66 0.0982274 5.46408e-08
0.67 0.100725 5.82962e-08
0.68 0.103275 6.2167e-08
0.69 0.105878 6.62646e-08
0.7 0.108535 7.06007e-08
0.71 0.111247 7.51878e-08
0.72 0.114015 8.00388e-08
0.73 0.116839 8.51672e-08
0.74 0.119721 9.05874e-08
0.75 0.12266 9.6314e-08
0.76 0.125659 1.02363e-07
0.77 0.128717 1.08749e-07
0.78 0.131836 1.15491e-07
0.79 0.135016 1.22606e-07
0.8 0.138258 1.30112e-07
0.81 0.141563 1.38028e-07
0.82 0.144932 1.46375e-07
0.83 0.148365 1.55173e-07
0.84 0.151863 1.64445e-07
0.85 0.155427 1.74213e-07
0.86 0.159059 1.84501e-07
0.87 0.162757 1.95333e-07
0.88 0.166524 2.06736e-07
0.89 0.17036 2.18737e-07
0.9 0.174266 2.31363e-07
0.91 0.178242 2.44643e-07
0.92 0.182289 2.58608e-07
0.93 0.186408 2.7329e-07
0.94 0.190599 2.88721e-07
0.95 0.194864 3.04935e-07
0.96 0.199202 3.21968e-07
0.97 0.203615 3.39857e-07
0.98 0.208103 3.5864e-07
0.99 0.212666 3.78356e-07
1 0.217306 3.99048e-07
1.01 0.222023 4.20758e-07
1.02 0.226816 4.4353e-07
1.03 0.231688 4.67411e-07
1.04 0.236637 4.92448e-07
1.05 0.241666 5.18692e-07
1.06 0.246773 5.46193e-07
1.07 0.251961 5.75005e-07
1.08 0.257228 6.05183e-07
1.09 0.262575 6.36785e-07
1.1 0.268003 6.6987e-07
1.11 0.273512 7.04498e-07
1.12 0.279102 7.40734e-07
1.13 0.284773 7.78642e-07
1.14 0.290526 8.18291e-07
1.15 0.29636 8.59751e-07
1.16 0.302276 9.03094e-07
1.17 0.308274 9.48394e-07
1.18 0.314354 9.9573e-07
1.19 0.320516 1.04518e-06
1.2 0.32676 1.09683e-06
1.21 0.333085 1.15076e-06
1.22 0.339492 1.20705e-06
1.23 0.34598 1.26581e-06
1.24 0.35255 1.32712e-06
1.25 0.3592 1.39108e-06
1.26 0.365932 1.45778e-06
1.27 0.372743 1.52733e-06
1.28 0.379634 1.59983e-06
1.29 0.386605 1.67539e-06
1.3 0.393654 1.75412e-06
1.31 0.400782 1.83614e-06
1.32 0.407987 1.92155e-06
1.33 0.41527 2.01048e-06
1.34 0.422628 2.10305e-06
1.35 0.430062 2.19939e-06
1.36 0.437571 2.29962e-06
1.37 0.445154 2.40389e-06
1.38 0.452809 2.51231e-06
1.39 0.460536 2.62505e-06
1.4 0.468334 2.74222e-06
1.41 0.476202 2.86399e-06
1.42 0.484137 2.9905e-06
1.43 0.492141 3.12191e-06
1.44 0.50021 3.25836e-06
1.45 0.508343 3.40002e-06
1.46 0.51654 3.54706e-06
1.47 0.524799 3.69963e-06
1.48 0.533118 3.85791e-06
1.49 0.541495 4.02207e-06
1.5 0.549929 4.19229e-06
1.51 0.558419 4.36875e-06
1.52 0.566962 4.55163e-06
1.53 0.575557 4.74111e-06
1.54 0.584202 4.9374e-06
1.55 0.592894 5.14067e-06
1.56 0.601633 5.35113e-06
1.57 0.610416 5.56898e-06
1.58 0.61924 5.79442e-06
1.59 0.628104 6.02766e-06
1.6 0.637006 6.2689e-06
1.61 0.645943 6.51836e-06
1.62 0.654913 6.77625e-06
1.63 0.663914 7.0428e-06
1.64 0.672943 7.31822e-06
1.65 0.681998 7.60273e-06
1.66 0.691077 7.89656e-06
1.67 0.700176 8.19995e-06
1.68 0.709295 8.51311e-06
1.69 0.718428 8.83629e-06
1.7 0.727576 9.16972e-06
1.71 0.736733 9.51364e-06
1.72 0.745899 9.86829e-06
1.73 0.75507 1.02339e-05
1.74 0.764243 1.06107e-05
1.75 0.773416 1.0999e-05
1.76 0.782585 1.1399e-05
1.77 0.791749 1.1811e-05
1.78 0.800904 1.22351e-05
1.79 0.810047 1.26718e-05
1.8 0.819176 1.31211e-05
1.81 0.828287 1.35833e-05
1.82 0.837378 1.40588e-05
1.83 0.846445 1.45478e-05
1.84 0.855486 1.50504e-05
1.85 0.864498 1.5567e-05
1.86 0.873478 1.60979e-05
1.87 0.882423 1.66432e-05
1.88 0.89133 1.72032e-05
1.89 0.900195 1.77782e-05
1.9 0.909017 1.83685e-05
1.91 0.917792 1.89742e-05
1.92 0.926517 1.95956e-05
1.93 0.935189 2.02331e-05
1.94 0.943806 2.08867e-05
1.95 0.952364 2.15568e-05
1.96 0.960861 2.22436e-05
1.97 0.969293 2.29473e-05
1.98 0.977659 2.36682e-05
1.99 0.985954 2.44065e-05
2 0.994177 2.51625e-05
2.01 1.00232 2.59363e-05
2.02 1.01039 2.67282e-05
2.03 1.01838 2.75384e-05
2.04 1.02629 2.83672e-05
2.05 1.0341 2.92147e-05
2.06 1.04183 3.00811e-05
2.07 1.04947 3.09667e-05
2.08 1.05702 3.18716e-05
2.09 1.06447 3.27961e-05
2.1 1.07182 3.37404e-05
2.11 1.07906 3.47045e-05
2.12 1.08621 3.56888e-05
2.13 1.09325 3.66933e-05
2.14 1.10018 3.77183e-05
2.15 1.107 3.87638e-05
2.16 1.11371 3.98302e-05
2.17 1.1203 4.09174e-05
2.18 1.12678 4.20257e-05
2.19 1.13314 4.31552e-05
2.2 1.13938 4.4306e-05
2.21 1.14549 4.54783e-05
2.22 1.15148 4.66721e-05
2.23 1.15735 4.78876e-05
2.24 1.16309 4.91248e-05
2.25 1.16869 5.03839e-05
2.26 1.17417 5.1665e-05
2.27 1.17952 5.2968e-05
2.28 1.18473 5.42932e-05
2.29 1.1898 5.56405e-05
2.3 1.19474 5.701e-05
2.31 1.19954 5.84018e-05
2.32 1.2042 5.98159e-05
2.33 1.20872 6.12523e-05
2.34 1.21309 6.2711e-05
2.35 1.21733 6.4192e-05
2.36 1.22142 6.56955e-05
2.37 1.22536 6.72212e-05
2.38 1.22916 6.87693e-05
2.39 1.23281 7.03397e-05
2.4 1.23632 7.19323e-05
2.41 1.23967 7.35472e-05
2.42 1.24288 7.51843e-05
2.43 1.24593 7.68434e-05
2.44 1.24884 7.85246e-05
2.45 1.25159 8.02278e-05
2.46 1.2542 8.19528e-05
2.47 1.25665 8.36996e-05
2.48 1.25895 8.54681e-05
2.49 1.26109 8.72581e-05
2.5 1.26308 8.90696e-05
2.51 1.26492 9.09023e-05
2.52 1.26661 9.27562e-05
2.53 1.26814 9.46311e-05
2.54 1.26952 9.65267e-05
2.55 1.27074 9.84431e-05
2.56 1.27181 0.00010038
2.57 1.27273 0.000102337
2.58 1.27349 0.000104314
2.59 1.27409 0.000106311
2.6 1.27455 0.000108328
2.61 1.27485 0.000110364
2.62 1.275 0.000112419
2.63 1.27499 0.000114494
2.64 1.27483 0.000116587
2.65 1.27452 0.000118698
2.66 1.27405 0.000120828
2.67 1.27344 0.000122975
2.68 1.27267 0.00012514
2.69 1.27175 0.000127323
2.7 1.27068 0.000129522
2.71 1.26947 0.000131738
2.72 1.2681 0.000133971
2.73 1.26658 0.000136219
2.74 1.26492 0.000138484
2.75 1.2631 0.000140763
2.76 1.26114 0.000143058
2.77 1.25904 0.000145367
2.78 1.25679 0.000147691
2.79 1.25439 0.000150029
2.8 1.25185 0.00015238
2.81 1.24916 0.000154744
2.82 1.24634 0.000157121
2.83 1.24337 0.000159511
2.84 1.24026 0.000161912
2.85 1.23701 0.000164325
2.86 1.23362 0.00016675
2.87 1.23009 0.000169185
2.88 1.22643 0.00017163
2.89 1.22262 0.000174085
2.9 1.21868 0.00017655
2.91 1.21461 0.000179023
2.92 1.2104 0.000181506
2.93 1.20606 0.000183996
2.94 1.20159 0.000186494
2.95 1.19699 0.000188999
2.96 1.19226 0.000191511
2.97 1.18739 0.000194029
2.98 1.1824 0.000196553
2.99 1.17729 0.000199082
3 1.17204 0.000201616
3.01 1.16668 0.000204154
3.02 1.16118 0.000206696
3.03 1.15557 0.000209241
3.04 1.14983 0.000211789
3.05 1.14397 0.00021434
3.06 1.138 0.000216892
3.07 1.1319 0.000219446
3.08 1.12569 0.000222
3.09 1.11936 0.000224555
3.1 1.11291 0.00022711
3.11 1.10635 0.000229663
3.12 1.09968 0.000232216
3.13 1.09289 0.000234767
3.14 1.086 0.000237315
3.15 1.07899 0.000239861
3.16 1.07188 0.000242403
3.17 1.06465 0.000244941
3.18 1.05733 0.000247475
3.19 1.04989 0.000250004
3.2 1.04235 0.000252528
3.21 1.03471 0.000255046
3.22 1.02697 0.000257557
3.23 1.01912 0.000260061
3.24 1.01118 0.000262558
3.25 1.00313 0.000265047
3.26 0.99499 0.000267526
3.27 0.986752 0.000269997
3.28 0.978419 0.000272459
3.29 0.969991 0.00027491
3.3 0.96147 0.00027735
3.31 0.952857 0.000279779
3.32 0.944154 0.000282196
3.33 0.93536 0.000284601
3.34 0.926478 0.000286994
3.35 0.917508 0.000289373
3.36 0.908451 0.000291738
3.37 0.89931 0.000294089
3.38 0.890084 0.000296425
3.39 0.880775 0.000298746
3.4 0.871384 0.00030105
3.41 0.861912 0.000303339
3.42 0.852361 0.000305611
3.43 0.842731 0.000307865
3.44 0.833023 0.000310102
3.45 0.823239 0.00031232
3.46 0.813379 0.000314519
3.47 0.803446 0.000316699
3.48 0.793439 0.00031886
3.49 0.78336 0.000321
3.5 0.77321 0.000323119
3.51 0.762991 0.000325218
3.52 0.752702 0.000327294
3.53 0.742347 0.000329349
3.54 0.731924 0.000331381
3.55 0.721436 0.00033339
3.56 0.710884 0.000335375
3.57 0.700269 0.000337337
3.58 0.689591 0.000339274
3.59 0.678853 0.000341187
3.6 0.668054 0.000343074
3.61 0.657197 0.000344936
3.62 0.646281 0.000346772
3.63 0.635309 0.000348581
3.64 0.624282 0.000350364
3.65 0.6132 0.000352119
3.66 0.602064 0.000353847
3.67 0.590876 0.000355546
3.68 0.579636 0.000357218
3.69 0.568347 0.00035886
3.7 0.557008 0.000360474
3.71 0.545621 0.000362058
3.72 0.534187 0.000363612
3.73 0.522707 0.000365136
3.74 0.511182 0.000366629
3.75 0.499613 0.000368092
3.76 0.488002 0.000369523
3.77 0.476349 0.000370923
3.78 0.464655 0.000372292
3.79 0.452921 0.000373628
3.8 0.441149 0.000374931
3.81 0.42934 0.000376202
3.82 0.417494 0.00037744
3.83 0.405613 0.000378644
3.84 0.393697 0.000379815
3.85 0.381749 0.000380953
3.86 0.369768 0.000382056
3.87 0.357756 0.000383125
3.88 0.345714 0.000384159
3.89 0.333643 0.000385158
3.9 0.321544 0.000386123
3.91 0.309418 0.000387052
3.92 0.297266 0.000387946
3.93 0.285089 0.000388804
3.94 0.272889 0.000389626
3.95 0.260666 0.000390413
3.96 0.248421 0.000391163
3.97 0.236155 0.000391876
3.98 0.22387 0.000392554
3.99 0.211567 0.000393194
4 0.199246 0.000393798
4.01 0.186908 0.000394365
4.02 0.174555 0.000394894
4.03 0.162188 0.000395387
4.04 0.149807 0.000395842
4.05 0.137414 0.000396259
4.06 0.12501 0.00039664
4.07 0.112596 0.000396982
4.08 0.100172 0.000397287
4.09 0.0877402 0.000397554
4.1 0.0753013 0.000397784
4.11 0.0628563 0.000397975
4.12 0.0504063 0.000398129
4.13 0.0379522 0.000398244
4.14 0.0254952 0.000398322
4.15 0.0130362 0.000398362
4.16 0.000576254 0.000398364
4.17 0.0118836 0.000398327
4.18 0.0243423 0.000398253
4.19 0.0367988 0.000398141
4.2 0.0492522 0.000397991
4.21 0.0617013 0.000397803
4.22 0.0741453 0.000397577
4.23 0.0865829 0.000397313
4.24 0.0990133 0.000397012
4.25 0.111435 0.000396673
4.26 0.123848 0.000396296
4.27 0.136251 0.000395882
4.28 0.148642 0.000395431
4.29 0.16102 0.000394942
4.3 0.173386 0.000394415
4.31 0.185737 0.000393852
4.32 0.198072 0.000393252
4.33 0.210391 0.000392615
4.34 0.222693 0.000391941
4.35 0.234976 0.000391231
4.36 0.24724 0.000390485
4.37 0.259483 0.000389702
4.38 0.271705 0.000388883
4.39 0.283904 0.000388028
4.4 0.29608 0.000387138
4.41 0.308232 0.000386212
4.42 0.320357 0.000385251
4.43 0.332457 0.000384255
4.44 0.344529 0.000383224
4.45 0.356572 0.000382159
4.46 0.368586 0.000381059
4.47 0.38057 0.000379925
4.48 0.392522 0.000378758
4.49 0.404442 0.000377556
4.5 0.416328 0.000376322
4.51 0.42818 0.000375054
4.52 0.439997 0.000373754
4.53 0.451777 0.000372421
4.54 0.46352 0.000371056
4.55 0.475225 0.000369659
4.56 0.48689 0.00036823
4.57 0.498516 0.000366771
4.58 0.5101 0.00036528
4.59 0.521641 0.000363759
4.6 0.53314 0.000362207
4.61 0.544595 0.000360626
4.62 0.556004 0.000359015
4.63 0.567368 0.000357375
4.64 0.578684 0.000355706
4.65 0.589953 0.000354009
4.66 0.601173 0.000352283
4.67 0.612343 0.00035053
4.68 0.623462 0.000348749
4.69 0.63453 0.000346942
4.7 0.645545 0.000345107
4.71 0.656507 0.000343247
4.72 0.667414 0.000341361
4.73 0.678266 0.00033945
4.74 0.689061 0.000337513
4.75 0.699799 0.000335553
4.76 0.710479 0.000333568
4.77 0.721101 0.000331559
4.78 0.731662 0.000329527
4.79 0.742162 0.000327473
4.8 0.752601 0.000325396
4.81 0.762977 0.000323297
4.82 0.773289 0.000321177
4.83 0.783537 0.000319036
4.84 0.79372 0.000316874
4.85 0.803837 0.000314692
4.86 0.813887 0.000312491
4.87 0.823868 0.00031027
4.88 0.833781 0.000308031
4.89 0.843625 0.000305774
4.9 0.853398 0.000303498
4.91 0.863099 0.000301206
4.92 0.872729 0.000298897
4.93 0.882285 0.000296572
4.94 0.891768 0.000294231
4.95 0.901176 0.000291874
4.96 0.910509 0.000289503
4.97 0.919765 0.000287118
4.98 0.928944 0.000284719
4.99 0.938045 0.000282306
5 0.947068 0.000279881
5.01 0.95601 0.000277443
5.02 0.964873 0.000274994
5.03 0.973655 0.000272534
5.04 0.982354 0.000270062
5.05 0.990971 0.00026758
5.06 0.999505 0.000265089
5.07 1.00795 0.000262588
5.08 1.01632 0.000260079
5.09 1.0246 0.000257561
5.1 1.03279 0.000255036
5.11 1.0409 0.000252503
5.12 1.04891 0.000249964
5.13 1.05684 0.000247418
5.14 1.06468 0.000244867
5.15 1.07243 0.00024231
5.16 1.08009 0.000239749
5.17 1.08766 0.000237184
5.18 1.09513 0.000234614
5.19 1.10251 0.000232042
5.2 1.1098 0.000229467
5.21 1.117 0.00022689
5.22 1.1241 0.000224311
5.23 1.1311 0.000221731
5.24 1.13801 0.00021915
5.25 1.14482 0.000216569
5.26 1.15154 0.000213989
5.27 1.15815 0.000211409
5.28 1.16467 0.00020883
5.29 1.17109 0.000206253
5.3 1.17741 0.000203679
5.31 1.18363 0.000201107
5.32 1.18975 0.000198538
5.33 1.19576 0.000195973
5.34 1.20168 0.000193412
5.35 1.20749 0.000190855
5.36 1.2132 0.000188304
5.37 1.2188 0.000185758
5.38 1.2243 0.000183218
5.39 1.2297 0.000180685
5.4 1.23499 0.000178158
5.41 1.24018 0.000175638
5.42 1.24525 0.000173127
5.43 1.25023 0.000170623
5.44 1.25509 0.000168128
5.45 1.25985 0.000165643
5.46 1.2645 0.000163166
5.47 1.26904 0.0001607
5.48 1.27347 0.000158243
5.49 1.27779 0.000155798
5.5 1.282 0.000153363
5.51 1.2861 0.00015094
5.52 1.2901 0.000148529
5.53 1.29398 0.00014613
5.54 1.29775 0.000143744
5.55 1.3014 0.00014137
5.56 1.30495 0.00013901
5.57 1.30838 0.000136664
5.58 1.3117 0.000134332
5.59 1.31491 0.000132014
5.6 1.318 0.000129711
5.61 1.32098 0.000127424
5.62 1.32385 0.000125151
5.63 1.3266 0.000122895
5.64 1.32924 0.000120654
5.65 1.33176 0.00011843
5.66 1.33417 0.000116223
5.67 1.33646 0.000114033
5.68 1.33863 0.00011186
5.69 1.34069 0.000109705
5.7 1.34264 0.000107567
5.71 1.34447 0.000105448
5.72 1.34618 0.000103347
5.73 1.34778 0.000101265
5.74 1.34926 9.92016e-05
5.75 1.35062 9.71576e-05
5.76 1.35186 9.51329e-05
5.77 1.35299 9.3128e-05
5.78 1.35401 9.11429e-05
5.79 1.3549 8.91779e-05
5.8 1.35568 8.72332e-05
5.81 1.35634 8.5309e-05
5.82 1.35688 8.34055e-05
5.83 1.35731 8.15229e-05
5.84 1.35761 7.96614e-05
5.85 1.3578 7.78211e-05
5.86 1.35788 7.60022e-05
5.87 1.35783 7.42049e-05
5.88 1.35767 7.24294e-05
5.89 1.35739 7.06756e-05
5.9 1.35699 6.89439e-05
5.91 1.35648 6.72343e-05
5.92 1.35584 6.55469e-05
5.93 1.35509 6.38819e-05
5.94 1.35423 6.22394e-05
5.95 1.35324 6.06194e-05
5.96 1.35214 5.90221e-05
5.97 1.35093 5.74475e-05
5.98 1.34959 5.58957e-05
5.99 1.34814 5.43668e-05
6 1.34657 5.28609e-05
6.01 1.34489 5.13779e-05
6.02 1.34309 4.9918e-05
6.03 1.34118 4.84812e-05
6.04 1.33914 4.70674e-05
6.05 1.337 4.56768e-05
6.06 1.33474 4.43094e-05
6.07 1.33236 4.29651e-05
6.08 1.32987 4.1644e-05
6.09 1.32727 4.0346e-05
6.1 1.32455 3.90712e-05
6.11 1.32171 3.78195e-05
6.12 1.31877 3.65909e-05
6.13 1.31571 3.53854e-05
6.14 1.31254 3.42029e-05
6.15 1.30925 3.30433e-05
6.16 1.30586 3.19067e-05
6.17 1.30235 3.0793e-05
6.18 1.29873 2.97021e-05
6.19 1.295 2.86339e-05
6.2 1.29116 2.75883e-05
6.21 1.28721 2.65653e-05
6.22 1.28315 2.55647e-05
6.23 1.27899 2.45865e-05
6.24 1.27471 2.36306e-05
6.25 1.27033 2.26968e-05
6.26 1.26583 2.1785e-05
6.27 1.26123 2.08952e-05
6.28 1.25653 2.00271e-05
6.29 1.25172 1.91806e-05
6.3 1.2468 1.83556e-05
6.31 1.24178 1.7552e-05
6.32 1.23666 1.67696e-05
6.33 1.23143 1.60082e-05
6.34 1.22609 1.52677e-05
6.35 1.22066 1.45479e-05
6.36 1.21512 1.38486e-05
6.37 1.20949 1.31696e-05
6.38 1.20375 1.25108e-05
6.39 1.19791 1.1872e-05
6.4 1.19198 1.1253e-05
6.41 1.18594 1.06536e-05
6.42 1.17981 1.00735e-05
6.43 1.17358 9.5126e-06
6.44 1.16726 8.97067e-06
6.45 1.16084 8.44747e-06
6.46 1.15433 7.9428e-06
6.47 1.14772 7.45643e-06
6.48 1.14102 6.98812e-06
6.49 1.13422 6.53766e-06
6.5 1.12734 6.1048e-06
6.51 1.12037 5.68931e-06
6.52 1.1133 5.29094e-06
6.53 1.10615 4.90945e-06
6.54 1.09891 4.54459e-06
6.55 1.09158 4.19611e-06
6.56 1.08416 3.86375e-06
6.57 1.07666 3.54726e-06
6.58 1.06908 3.24638e-06
6.59 1.06141 2.96085e-06
6.6 1.05366 2.6904e-06
6.61 1.04583 2.43476e-06
6.62 1.03792 2.19368e-06
6.63 1.02993 1.96687e-06
6.64 1.02186 1.75406e-06
6.65 1.01371 1.55499e-06
6.66 1.00549 1.36938e-06
6.67 0.997191 1.19694e-06
6.68 0.988818 1.03741e-06
6.69 0.980371 8.90495e-07
6.7 0.971852 7.55926e-07
6.71 0.963262 6.33418e-07
6.72 0.954602 5.22689e-07
6.73 0.945872 4.23458e-07
6.74 0.937075 3.3544e-07
6.75 0.928211 2.58353e-07
6.76 0.919281 1.91913e-07
6.77 0.910286 1.35836e-07
6.78 0.901228 8.98398e-08
6.79 0.892108 5.36397e-08
6.8 0.882927 2.69528e-08
6.81 0.873686 9.49641e-09
6.82 0.864387 9.88233e-10
6.83 0.855029 1.14667e-09
6.84 0.845616 9.6909e-09
6.85 0.836147 2.6341e-08
6.86 0.826625 5.0818e-08
6.87 0.81705 8.28443e-08
6.88 0.807424 1.22143e-07
6.89 0.797748 1.6844e-07
6.9 0.788022 2.2146e-07
6.91 0.77825 2.80932e-07
6.92 0.768431 3.46586e-07
6.93 0.758567 4.18153e-07
6.94 0.74866 4.95366e-07
6.95 0.73871 5.77962e-07
6.96 0.728719 6.65677e-07
6.97 0.718688 7.58252e-07
6.98 0.70862 8.55429e-07
6.99 0.698514 9.56953e-07
7 0.688372 1.06257e-06
7.01 0.678197 1.17203e-06
7.02 0.667988 1.28509e-06
7.03 0.657748 1.4015e-06
7.04 0.647477 1.52103e-06
7.05 0.637178 1.64342e-06
7.06 0.626852 1.76846e-06
7.07 0.6165 1.8959e-06
7.08 0.606123 2.02551e-06
7.09 0.595722 2.15708e-06
7.1 0.585301 2.29038e-06
7.11 0.574859 2.42519e-06
7.12 0.564398 2.5613e-06
7.13 0.553919 2.69849e-06
7.14 0.543425 2.83656e-06
7.15 0.532916 2.97531e-06
7.16 0.522394 3.11453e-06
7.17 0.511861 3.25404e-06
7.18 0.501317 3.39363e-06
7.19 0.490765 3.53312e-06
7.2 0.480205 3.67234e-06
7.21 0.46964 3.81109e-06
7.22 0.459071 3.9492e-06
7.23 0.448498 4.08651e-06
7.24 0.437925 4.22284e-06
7.25 0.427352 4.35804e-06
7.26 0.41678 4.49195e-06
7.27 0.406212 4.62441e-06
7.28 0.395649 4.75528e-06
7.29 0.385092 4.88441e-06
7.3 0.374542 5.01166e-06
7.31 0.364002 5.1369e-06
7.32 0.353473 5.25999e-06
7.33 0.342955 5.38082e-06
7.34 0.332452 5.49925e-06
7.35 0.321964 5.61518e-06
7.36 0.311493 5.72849e-06
7.37 0.30104 5.83907e-06
7.38 0.290607 5.94682e-06
7.39 0.280196 6.05164e-06
7.4 0.269807 6.15345e-06
7.41 0.259443 6.25214e-06
7.42 0.249105 6.34764e-06
7.43 0.238794 6.43986e-06
7.44 0.228512 6.52874e-06
7.45 0.218261 6.6142e-06
7.46 0.208042 6.69617e-06
7.47 0.197856 6.7746e-06
7.48 0.187705 6.84943e-06
7.49 0.177591 6.92061e-06
7.5 0.167515 6.98808e-06
7.51 0.157479 7.05181e-06
7.52 0.147483 7.11176e-06
7.53 0.13753 7.16789e-06
7.54 0.127622 7.22017e-06
7.55 0.117759 7.26858e-06
7.56 0.107943 7.3131e-06
7.57 0.0981751 7.35371e-06
7.58 0.0884577 7.39039e-06
7.59 0.0787918 7.42315e-06
7.6 0.0691789 7.45196e-06
7.61 0.0596204 7.47684e-06
7.62 0.0501179 7.49779e-06
7.63 0.0406728 7.51481e-06
7.64 0.0312865 7.52791e-06
7.65 0.0219605 7.53712e-06
7.66 0.0126963 7.54244e-06
7.67 0.00349526 7.54391e-06
7.68 0.00564118 7.54154e-06
7.69 0.0147116 7.53538e-06
7.7 0.0237145 7.52544e-06
7.71 0.0326486 7.51176e-06
7.72 0.0415125 7.49439e-06
7.73 0.0503047 7.47337e-06
7.74 0.0590238 7.44875e-06
7.75 0.0676685 7.42057e-06
7.76 0.0762375 7.38888e-06
7.77 0.0847293 7.35374e-06
7.78 0.0931426 7.31521e-06
7.79 0.101476 7.27335e-06
7.8 0.109728 7.22822e-06
7.81 0.117898 7.17989e-06
7.82 0.125984 7.12842e-06
7.83 0.133985 7.07389e-06
7.84 0.141899 7.01636e-06
7.85 0.149726 6.95591e-06
7.86 0.157464 6.89262e-06
7.87 0.165112 6.82657e-06
7.88 0.172668 6.75784e-06
7.89 0.180132 6.68651e-06
7.9 0.187501 6.61265e-06
7.91 0.194776 6.53637e-06
7.92 0.201954 6.45775e-06
7.93 0.209035 6.37687e-06
7.94 0.216017 6.29382e-06
7.95 0.222899 6.2087e-06
7.96 0.22968 6.12159e-06
7.97 0.23636 6.0326e-06
7.98 0.242936 5.9418e-06
7.99 0.249407 5.84931e-06
8 0.255774 5.7552e-06
8.01 0.262033 5.65959e-06
8.02 0.268186 5.56256e-06
8.03 0.27423 5.46421e-06
8.04 0.280164 5.36464e-06
8.05 0.285987 5.26394e-06
8.06 0.291699 5.16221e-06
8.07 0.297299 5.05956e-06
8.08 0.302785 4.95606e-06
8.09 0.308157 4.85183e-06
8.1 0.313413 4.74696e-06
8.11 0.318553 4.64155e-06
8.12 0.323576 4.53568e-06
8.13 0.328481 4.42946e-06
8.14 0.333266 4.32297e-06
8.15 0.337933 4.21632e-06
8.16 0.342478 4.10959e-06
8.17 0.346903 4.00288e-06
8.18 0.351205 3.89627e-06
8.19 0.355385 3.78986e-06
8.2 0.35944 3.68374e-06
8.21 0.363372 3.57798e-06
8.22 0.367179 3.47269e-06
8.23 0.37086 3.36793e-06
8.24 0.374414 3.26379e-06
8.25 0.377842 3.16037e-06
8.26 0.381142 3.05772e-06
8.27 0.384314 2.95594e-06
8.28 0.387357 2.85509e-06
8.29 0.390271 2.75526e-06
8.3 0.393055 2.6565e-06
8.31 0.395709 2.55891e-06
8.32 0.398232 2.46253e-06
8.33 0.400624 2.36744e-06
8.34 0.402884 2.27371e-06
8.35 0.405012 2.18138e-06
8.36 0.407007 2.09053e-06
8.37 0.40887 2.00121e-06
8.38 0.4106 1.91347e-06
8.39 0.412195 1.82738e-06
8.4 0.413658 1.74296e-06
8.41 0.414986 1.66029e-06
8.42 0.416179 1.57939e-06
8.43 0.417239 1.50031e-06
8.44 0.418163 1.4231e-06
8.45 0.418953 1.34779e-06
8.46 0.419607 1.27441e-06
8.47 0.420126 1.203e-06
8.48 0.42051 1.13358e-06
8.49 0.420759 1.06619e-06
8.5 0.420872 1.00084e-06
8.51 0.42085 9.37569e-07
8.52 0.420692 8.76383e-07
8.53 0.420399 8.17301e-07
8.54 0.41997 7.60339e-07
8.55 0.419407 7.05506e-07
8.56 0.418708 6.52811e-07
8.57 0.417874 6.0226e-07
8.58 0.416905 5.53856e-07
8.59 0.415802 5.07599e-07
8.6 0.414564 4.63488e-07
8.61 0.413192 4.21518e-07
8.62 0.411686 3.81681e-07
8.63 0.410047 3.43968e-07
8.64 0.408274 3.08367e-07
8.65 0.406368 2.74863e-07
8.66 0.40433 2.43439e-07
8.67 0.402159 2.14075e-07
8.68 0.399857 1.86749e-07
8.69 0.397423 1.61438e-07
8.7 0.394859 1.38115e-07
8.71 0.392165 1.16751e-07
8.72 0.38934 9.73157e-08
8.73 0.386387 7.97758e-08
8.74 0.383305 6.40966e-08
8.75 0.380095 5.0241e-08
8.76 0.376758 3.81702e-08
8.77 0.373295 2.78434e-08
8.78 0.369705 1.9218e-08
8.79 0.365991 1.22497e-08
8.8 0.362152 6.89244e-09
8.81 0.358189 3.09867e-09
8.82 0.354104 8.1926e-10
8.83 0.349897 3.61376e-12
8.84 0.34557 5.99771e-10
8.85 0.341122 2.55447e-09
8.86 0.336555 5.81322e-09
8.87 0.33187 1.03204e-08
8.88 0.327067 1.60194e-08
8.89 0.322149 2.28524e-08
8.9 0.317116 3.07611e-08
8.91 0.311968 3.9686e-08
8.92 0.306708 4.95671e-08
8.93 0.301336 6.03439e-08
8.94 0.295854 7.1955e-08
8.95 0.290262 8.43389e-08
8.96 0.284562 9.74337e-08
8.97 0.278755 1.11177e-07
8.98 0.272843 1.25507e-07
8.99 0.266826 1.4036e-07
9 0.260706 1.55675e-07
9.01 0.254484 1.71389e-07
9.02 0.248163 1.87441e-07
9.03 0.241742 2.03767e-07
9.04 0.235224 2.20308e-07
9.05 0.228611 2.37003e-07
9.06 0.221902 2.5379e-07
9.07 0.215101 2.70611e-07
9.08 0.208209 2.87408e-07
9.09 0.201226 3.04121e-07
9.1 0.194156 3.20695e-07
9.11 0.186999 3.37074e-07
9.12 0.179757 3.53203e-07
9.13 0.172431 3.69029e-07
9.14 0.165025 3.845e-07
9.15 0.157538 3.99565e-07
9.16 0.149973 4.14176e-07
9.17 0.142332 4.28285e-07
9.18 0.134617 4.41847e-07
9.19 0.126828 4.54817e-07
9.2 0.118969 4.67155e-07
9.21 0.111041 4.78819e-07
9.22 0.103046 4.89772e-07
9.23 0.094986 4.99978e-07
9.24 0.0868625 5.09403e-07
9.25 0.0786778 5.18016e-07
9.26 0.0704337 5.25788e-07
9.27 0.0621324 5.32692e-07
9.28 0.0537759 5.38704e-07
9.29 0.0453662 5.43802e-07
9.3 0.0369054 5.47967e-07
9.31 0.0283955 5.51182e-07
9.32 0.0198387 5.53434e-07
9.33 0.0112372 5.54711e-07
9.34 0.00259298 5.55006e-07
9.35 0.00609166 5.54313e-07
9.36 0.0148146 5.5263e-07
9.37 0.0235735 5.49957e-07
9.38 0.0323663 5.46297e-07
9.39 0.0411907 5.41656e-07
9.4 0.0500444 5.36045e-07
9.41 0.0589251 5.29476e-07
9.42 0.0678306 5.21964e-07
9.43 0.0767585 5.13528e-07
9.44 0.0857065 5.0419e-07
9.45 0.0946722 4.93975e-07
9.46 0.103653 4.8291e-07
9.47 0.112647 4.71027e-07
9.48 0.121652 4.58361e-07
9.49 0.130665 4.44949e-07
9.5 0.139684 4.30831e-07
9.51 0.148706 4.16051e-07
9.52 0.157729 4.00657e-07
9.53 0.16675 3.84697e-07
9.54 0.175768 3.68226e-07
9.55 0.184779 3.51299e-07
9.56 0.193781 3.33975e-07
9.57 0.202771 3.16316e-07
9.58 0.211748 2.98388e-07
9.59 0.220708 2.80257e-07
9.6 0.229649 2.61996e-07
9.61 0.238568 2.43676e-07
9.62 0.247464 2.25375e-07
9.63 0.256332 2.07171e-07
9.64 0.265172 1.89146e-07
9.65 0.273979 1.71384e-07
9.66 0.282753 1.53971e-07
9.67 0.291489 1.36997e-07
9.68 0.300186 1.20552e-07
9.69 0.308841 1.04729e-07
9.7 0.317451 8.96256e-08
9.71 0.326014 7.5338e-08
9.72 0.334527 6.1966e-08
9.73 0.342988 4.96112e-08
9.74 0.351393 3.83767e-08
9.75 0.359741 2.83674e-08
9.76 0.368029 1.96897e-08
9.77 0.376254 1.24513e-08
9.78 0.384414 6.76137e-09
9.79 0.392505 2.73025e-09
9.8 0.400527 4.6931e-10
9.81 0.408475 9.08535e-11
9.82 0.416347 1.70802e-09
9.83 0.424141 5.43463e-09
9.84 0.431855 1.1385e-08
9.85 0.439484 1.96741e-08
9.86 0.447028 3.04167e-08
9.87 0.454484 4.37282e-08
9.88 0.461849 5.97237e-08
9.89 0.46912 7.85182e-08
9.9 0.476295 1.00227e-07
9.91 0.483371 1.24963e-07
9.92 0.490347 1.52841e-07
9.93 0.497219 1.83974e-07
9.94 0.503985 2.18473e-07
9.95 0.510642 2.5645e-07
9.96 0.517189 2.98014e-07
9.97 0.523622 3.43274e-07
9.98 0.52994 3.92336e-07
9.99 0.536139 4.45306e-07
10 0.542219 5.02286e-07
10.01 0.548175 5.63379e-07
10.02 0.554006 6.28683e-07
10.03 0.55971 6.98295e-07
10.04 0.565283 7.72309e-07
10.05 0.570725 8.50817e-07
10.06 0.576032 9.33908e-07
10.07 0.581203 1.02167e-06
10.08 0.586235 1.11418e-06
10.09 0.591126 1.21152e-06
10.1 0.595874 1.31377e-06
10.11 0.600476 1.421e-06
10.12 0.604931 1.53328e-06
10.13 0.609237 1.65067e-06
10.14 0.61339 1.77323e-06
10.15 0.617391 1.90103e-06
10.16 0.621235 2.03411e-06
10.17 0.624922 2.17252e-06
10.18 0.62845 2.31631e-06
10.19 0.631816 2.46551e-06
10.2 0.635018 2.62016e-06
10.21 0.638056 2.78028e-06
10.22 0.640926 2.94591e-06
10.23 0.643627 3.11706e-06
10.24 0.646158 3.29374e-06
10.25 0.648517 3.47597e-06
10.26 0.650702 3.66373e-06
10.27 0.652711 3.85704e-06
10.28 0.654543 4.05589e-06
10.29 0.656196 4.26025e-06
10.3 0.657668 4.47011e-06
10.31 0.658959 4.68544e-06
10.32 0.660067 4.90621e-06
10.33 0.66099 5.13239e-06
10.34 0.661727 5.36392e-06
10.35 0.662276 5.60076e-06
10.36 0.662637 5.84284e-06
10.37 0.662808 6.09012e-06
10.38 0.662788 6.34251e-06
10.39 0.662576 6.59994e-06
10.4 0.66217 6.86233e-06
10.41 0.661571 7.12959e-06
10.42 0.660775 7.40162e-06
10.43 0.659784 7.67833e-06
10.44 0.658595 7.95961e-06
10.45 0.657209 8.24533e-06
10.46 0.655623 8.53539e-06
10.47 0.653838 8.82965e-06
10.48 0.651852 9.12798e-06
10.49 0.649665 9.43024e-06
10.5 0.647277 9.73628e-06
10.51 0.644687 1.0046e-05
10.52 0.641894 1.03591e-05
10.53 0.638898 1.06756e-05
10.54 0.635699 1.09952e-05
10.55 0.632296 1.13178e-05
10.56 0.628688 1.16431e-05
10.57 0.624877 1.19711e-05
10.58 0.620861 1.23014e-05
10.59 0.616641 1.2634e-05
10.6 0.612216 1.29685e-05
10.61 0.607587 1.33049e-05
10.62 0.602753 1.36428e-05
10.63 0.597715 1.39821e-05
10.64 0.592473 1.43226e-05
10.65 0.587027 1.46639e-05
10.66 0.581378 1.50059e-05
10.67 0.575526 1.53484e-05
10.68 0.569471 1.5691e-05
10.69 0.563214 1.60336e-05
10.7 0.556755 1.6376e-05
10.71 0.550096 1.67177e-05
10.72 0.543236 1.70587e-05
10.73 0.536177 1.73986e-05
10.74 0.528919 1.77372e-05
10.75 0.521464 1.80743e-05
10.76 0.513812 1.84095e-05
10.77 0.505965 1.87425e-05
10.78 0.497922 1.90732e-05
10.79 0.489687 1.94013e-05
10.8 0.481259 1.97264e-05
10.81 0.472641 2.00484e-05
10.82 0.463833 2.03668e-05
10.83 0.454837 2.06816e-05
10.84 0.445655 2.09923e-05
10.85 0.436287 2.12987e-05
10.86 0.426737 2.16006e-05
10.87 0.417005 2.18976e-05
10.88 0.407093 2.21896e-05
10.89 0.397003 2.24761e-05
10.9 0.386737 2.2757e-05
10.91 0.376298 2.3032e-05
10.92 0.365686 2.33009e-05
10.93 0.354904 2.35633e-05
10.94 0.343955 2.3819e-05
10.95 0.332841 2.40678e-05
10.96 0.321564 2.43093e-05
10.97 0.310126 2.45434e-05
10.98 0.29853 2.47698e-05
10.99 0.286778 2.49883e-05
11 0.274874 2.51986e-05
11.01 0.262819 2.54006e-05
11.02 0.250617 2.55938e-05
11.03 0.23827 2.57783e-05
11.04 0.225782 2.59537e-05
11.05 0.213154 2.61198e-05
11.06 0.200391 2.62765e-05
11.07 0.187496 2.64235e-05
11.08 0.174471 2.65606e-05
11.09 0.16132 2.66878e-05
11.1 0.148046 2.68047e-05
11.11 0.134652 2.69113e-05
11.12 0.121142 2.70074e-05
11.13 0.10752 2.70928e-05
11.14 0.0937887 2.71674e-05
11.15 0.0799521 2.72311e-05
11.16 0.0660139 2.72837e-05
11.17 0.0519778 2.73252e-05
11.18 0.0378476 2.73555e-05
11.19 0.0236274 2.73743e-05
11.2 0.009321 2.73818e-05
11.21 0.00506754 2.73777e-05
11.22 0.0195341 2.73621e-05
11.23 0.0340746 2.73349e-05
11.24 0.0486847 2.7296e-05
11.25 0.0633603 2.72455e-05
11.26 0.0780969 2.71833e-05
11.27 0.0928901 2.71093e-05
11.28 0.107736 2.70237e-05
11.29 0.122629 2.69265e-05
11.3 0.137565 2.68175e-05
11.31 0.15254 2.6697e-05
11.32 0.167549 2.6565e-05
11.33 0.182587 2.64214e-05
11.34 0.197649 2.62665e-05
11.35 0.212731 2.61002e-05
11.36 0.227827 2.59227e-05
11.37 0.242933 2.57341e-05
11.38 0.258043 2.55346e-05
11.39 0.273154 2.53242e-05
11.4 0.288258 2.51031e-05
11.41 0.303353 2.48715e-05
11.42 0.318431 2.46295e-05
11.43 0.333489 2.43774e-05
11.44 0.34852 2.41153e-05
11.45 0.36352 2.38434e-05
11.46 0.378483 2.35619e-05
11.47 0.393403 2.32712e-05
11.48 0.408276 2.29713e-05
11.49 0.423096 2.26626e-05
11.5 0.437857 2.23454e-05
11.51 0.452554 2.20198e-05
11.52 0.467181 2.16862e-05
11.53 0.481732 2.13449e-05
11.54 0.496203 2.09962e-05
11.55 0.510587 2.06404e-05
11.56 0.524879 2.02778e-05
11.57 0.539073 1.99087e-05
11.58 0.553163 1.95335e-05
11.59 0.567144 1.91525e-05
11.6 0.58101 1.87661e-05
11.61 0.594754 1.83746e-05
11.62 0.608372 1.79785e-05
11.63 0.621857 1.7578e-05
11.64 0.635203 1.71736e-05
11.65 0.648405 1.67656e-05
11.66 0.661457 1.63545e-05
11.67 0.674353 1.59406e-05
11.68 0.687087 1.55243e-05
11.69 0.699653 1.51061e-05
11.7 0.712045 1.46864e-05
11.71 0.724258 1.42655e-05
11.72 0.736285 1.38439e-05
11.73 0.748121 1.3422e-05
11.74 0.75976 1.30002e-05
11.75 0.771195 1.2579e-05
11.76 0.782422 1.21587e-05
11.77 0.793433 1.17398e-05
11.78 0.804224 1.13227e-05
11.79 0.814789 1.09078e-05
11.8 0.825121 1.04955e-05
11.81 0.835216 1.00863e-05
11.82 0.845066 9.68053e-06
11.83 0.854667 9.27863e-06
11.84 0.864013 8.88099e-06
11.85 0.873097 8.48802e-06
11.86 0.881915 8.10011e-06
11.87 0.890461 7.71764e-06
11.88 0.898728 7.341e-06
11.89 0.906713 6.97056e-06
11.9 0.914408 6.60669e-06
11.91 0.921809 6.24975e-06
11.92 0.92891 5.90009e-06
11.93 0.935705 5.55804e-06
11.94 0.94219 5.22394e-06
11.95 0.94836 4.89811e-06
11.96 0.954208 4.58086e-06
11.97 0.959729 4.27249e-06
11.98 0.964919 3.97328e-06
11.99 0.969773 3.68351e-06
12 0.974285 3.40344e-06
12.01 0.978451 3.13331e-06
12.02 0.982265 2.87337e-06
12.03 0.985723 2.62382e-06
12.04 0.98882 2.38488e-06
12.05 0.991552 2.15673e-06
12.06 0.993913 1.93954e-06
12.07 0.9959 1.73348e-06
12.08 0.997507 1.53869e-06
12.09 0.998732 1.35528e-06
12.1 0.999568 1.18337e-06
12.11 1.00001 1.02304e-06
12.12 1.00006 8.74377e-07
12.13 0.999711 7.37422e-07
12.14 0.998956 6.12216e-07
12.15 0.997794 4.98776e-07
12.16 0.99622 3.97101e-07
12.17 0.994232 3.07171e-07
12.18 0.991825 2.28947e-07
12.19 0.988997 1.62372e-07
12.2 0.985744 1.07369e-07
12.21 0.982063 6.38433e-08
12.22 0.97795 3.16791e-08
12.23 0.973404 1.07427e-08
12.24 0.968421 8.81414e-10
12.25 0.962999 1.92333e-09
12.26 0.957135 1.36778e-08
12.27 0.950827 3.59357e-08
12.28 0.944072 6.84691e-08
12.29 0.936868 1.11032e-07
12.3 0.929214 1.63361e-07
12.31 0.921107 2.25173e-07
12.32 0.912546 2.9617e-07
12.33 0.903529 3.76036e-07
12.34 0.894054 4.64438e-07
12.35 0.884121 5.61027e-07
12.36 0.873729 6.65439e-07
12.37 0.862875 7.77293e-07
12.38 0.85156 8.96196e-07
12.39 0.839783 1.02174e-06
12.4 0.827543 1.1535e-06
12.41 0.814841 1.29104e-06
12.42 0.801674 1.43392e-06
12.43 0.788045 1.58168e-06
12.44 0.773952 1.73384e-06
12.45 0.759396 1.88993e-06
12.46 0.744378 2.04947e-06
12.47 0.728898 2.21195e-06
12.48 0.712958 2.37688e-06
12.49 0.696557 2.54373e-06
12.5 0.679698 2.712e-06
12.51 0.662381 2.88118e-06
12.52 0.644608 3.05072e-06
12.53 0.626381 3.22012e-06
12.54 0.607702 3.38883e-06
12.55 0.588572 3.55635e-06
12.56 0.568995 3.72213e-06
12.57 0.548973 3.88566e-06
12.58 0.528507 4.04641e-06
12.59 0.507602 4.20387e-06
12.6 0.48626 4.35753e-06
12.61 0.464484 4.50689e-06
12.62 0.442278 4.65144e-06
12.63 0.419645 4.79071e-06
12.64 0.39659 4.92421e-06
12.65 0.373116 5.05149e-06
12.66 0.349228 5.17209e-06
12.67 0.324929 5.28557e-06
12.68 0.300225 5.39152e-06
12.69 0.275121 5.48954e-06
12.7 0.249621 5.57923e-06
12.71 0.223731 5.66024e-06
12.72 0.197456 5.73222e-06
12.73 0.170802 5.79485e-06
12.74 0.143774 5.84784e-06
12.75 0.116379 5.8909e-06
12.76 0.0886239 5.9238e-06
12.77 0.0605138 5.94632e-06
12.78 0.032056 5.95826e-06
12.79 0.00325726 5.95948e-06
12.8 0.0258752 5.94984e-06
12.81 0.0553341 5.92924e-06
12.82 0.0851119 5.89762e-06
12.83 0.115201 5.85497e-06
12.84 0.145593 5.80128e-06
12.85 0.17628 5.73661e-06
12.86 0.207254 5.66104e-06
12.87 0.238507 5.5747e-06
12.88 0.270028 5.47774e-06
12.89 0.30181 5.37038e-06
12.9 0.333844 5.25287e-06
12.91 0.366119 5.12548e-06
12.92 0.398627 4.98856e-06
12.93 0.431357 4.84249e-06
12.94 0.4643 4.68769e-06
12.95 0.497445 4.52463e-06
12.96 0.530782 4.35383e-06
12.97 0.564301 4.17584e-06
12.98 0.59799 3.99128e-06
12.99 0.631839 3.8008e-06
13 0.665837 3.60512e-06
13.01 0.699972 3.40497e-06
13.02 0.734233 3.20118e-06
13.03 0.768608 2.99458e-06
13.04 0.803085 2.78607e-06
13.05 0.837653 2.57661e-06
13.06 0.872298 2.36718e-06
13.07 0.907009 2.15883e-06
13.08 0.941772 1.95265e-06
13.09 0.976576 1.74978e-06
13.1 1.01141 1.55139e-06
13.11 1.04625 1.35873e-06
13.12 1.0811 1.17307e-06
13.13 1.11593 9.95724e-07
13.14 1.15074 8.28059e-07
13.15 1.18551 6.71482e-07
13.16 1.22022 5.27442e-07
13.17 1.25487 3.97426e-07
13.18 1.28943 2.82964e-07
13.19 1.3239 1.8562e-07
13.2 1.35826 1.06999e-07
13.21 1.39249 4.87356e-08
13.22 1.42659 1.25021e-08
13.23 1.46052 7.42461e-14
13.24 1.49429 1.29612e-08
13.25 1.52788 5.31448e-08
13.26 1.56127 1.22336e-07
13.27 1.59444 2.22343e-07
13.28 1.62738 3.54997e-07
13.29 1.66007 5.22145e-07
13.3 1.69251 7.25654e-07
13.31 1.72467 9.67403e-07
13.32 1.75653 1.24928e-06
13.33 1.78809 1.57319e-06
13.34 1.81933 1.94104e-06
13.35 1.85022 2.35473e-06
13.36 1.88076 2.81618e-06
13.37 1.91093 3.32729e-06
13.38 1.94071 3.88996e-06
13.39 1.97009 4.50609e-06
13.4 1.99905 5.17754e-06
13.41 2.02757 5.9062e-06
13.42 2.05564 6.6939e-06
13.43 2.08324 7.54246e-06
13.44 2.11036 8.45369e-06
13.45 2.13698 9.42935e-06
13.46 2.16309 1.04712e-05
13.47 2.18866 1.15809e-05
13.48 2.21368 1.27601e-05
13.49 2.23814 1.40105e-05
13.5 2.26202 1.53335e-05
13.51 2.2853 1.67308e-05
13.52 2.30797 1.82038e-05
13.53 2.33001 1.97539e-05
13.54 2.35141 2.13824e-05
13.55 2.37215 2.30907e-05
13.56 2.39221 2.48798e-05
13.57 2.41158 2.67511e-05
13.58 2.43025 2.87054e-05
13.59 2.4482 3.07438e-05
13.6 2.4654 3.28672e-05
13.61 2.48186 3.50764e-05
13.62 2.49755 3.73721e-05
13.63 2.51246 3.97549e-05
13.64 2.52657 4.22253e-05
13.65 2.53987 4.47839e-05
13.66 2.55235 4.74307e-05
13.67 2.56398 5.01662e-05
13.68 2.57477 5.29903e-05
13.69 2.58468 5.59031e-05
13.7 2.59372 5.89044e-05
13.71 2.60186 6.1994e-05
13.72 2.60909 6.51714e-05
13.73 2.6154 6.84362e-05
13.74 2.62078 7.17878e-05
13.75 2.62522 7.52254e-05
13.76 2.62869 7.87481e-05
13.77 2.6312 8.23548e-05
13.78 2.63272 8.60445e-05
13.79 2.63325 8.98158e-05
13.8 2.63277 9.36672e-05
13.81 2.63128 9.75973e-05
13.82 2.62877 0.000101604
13.83 2.62521 0.000105686
13.84 2.62061 0.000109841
13.85 2.61496 0.000114067
13.86 2.60824 0.000118362
13.87 2.60044 0.000122722
13.88 2.59156 0.000127147
13.89 2.58159 0.000131632
13.9 2.57053 0.000136175
13.91 2.55835 0.000140773
13.92 2.54506 0.000145423
13.93 2.53066 0.000150122
13.94 2.51512 0.000154865
13.95 2.49845 0.000159651
13.96 2.48065 0.000164474
13.97 2.4617 0.000169332
13.98 2.44161 0.000174219
13.99 2.42036 0.000179133
14 2.39796 0.000184068
14.01 2.3744 0.000189022
14.02 2.34968 0.000193988
14.03 2.3238 0.000198963
14.04 2.29675 0.000203942
14.05 2.26854 0.00020892
14.06 2.23916 0.000213893
14.07 2.20862 0.000218855
14.08 2.17691 0.000223801
14.09 2.14404 0.000228727
14.1 2.11 0.000233627
14.11 2.0748 0.000238496
14.12 2.03845 0.000243328
14.13 2.00095 0.000248119
14.14 1.96229 0.000252862
14.15 1.9225 0.000257552
14.16 1.88157 0.000262184
14.17 1.83951 0.000266753
14.18 1.79633 0.000271252
14.19 1.75204 0.000275676
14.2 1.70665 0.00028002
14.21 1.66017 0.000284277
14.22 1.61263 0.000288443
14.23 1.56402 0.000292512
14.24 1.51438 0.000296478
14.25 1.46373 0.000300335
14.26 1.41209 0.00030408
14.27 1.35948 0.000307705
14.28 1.30595 0.000311206
14.29 1.25154 0.000314577
14.3 1.19628 0.000317814
14.31 1.14026 0.000320911
14.32 1.08352 0.000323863
14.33 1.02617 0.000326666
14.34 0.968308 0.000329314
14.35 0.910078 0.000331804
14.36 0.851654 0.000334131
14.37 0.793267 0.00033629
14.38 0.735218 0.000338277
14.39 0.677913 0.00034009
14.4 0.621898 0.000341723
14.41 0.567929 0.000343173
14.42 0.517047 0.000344438
14.43 0.470685 0.000345513
14.44 0.430761 0.000346397
14.45 0.399685 0.000347086
14.46 0.380108 0.000347578
14.47 0.374294 0.000347871
14.48 0.383284 0.000347962
14.49 0.406453 0.000347852
14.5 0.441873 0.000347537
14.51 0.487117 0.000347018
14.52 0.539909 0.000346292
14.53 0.598399 0.000345361
14.54 0.661182 0.000344223
14.55 0.727224 0.000342879
14.56 0.795763 0.000341329
14.57 0.866237 0.000339574
14.58 0.938224 0.000337615
14.59 1.0114 0.000335453
14.6 1.08551 0.000333089
14.61 1.16037 0.000330527
14.62 1.23581 0.000327767
14.63 1.31169 0.000324812
14.64 1.38792 0.000321666
14.65 1.46441 0.000318331
14.66 1.54107 0.000314811
14.67 1.61785 0.00031111
14.68 1.69469 0.000307231
14.69 1.77153 0.000303179
14.7 1.84833 0.000298958
14.71 1.92506 0.000294574
14.72 2.00166 0.000290031
14.73 2.07812 0.000285336
14.74 2.15439 0.000280493
14.75 2.23044 0.00027551
14.76 2.30624 0.000270391
14.77 2.38176 0.000265145
14.78 2.45696 0.000259778
14.79 2.53181 0.000254296
14.8 2.60628 0.000248708
14.81 2.68033 0.000243021
14.82 2.75393 0.000237243
14.83 2.82705 0.000231382
14.84 2.89966 0.000225446
14.85 2.9717 0.000219444
14.86 3.04316 0.000213385
14.87 3.11398 0.000207278
14.88 3.18414 0.000201131
14.89 3.25359 0.000194954
14.9 3.32229 0.000188757
14.91 3.39021 0.000182548
14.92 3.45731 0.000176339
14.93 3.52354 0.000170138
14.94 3.58887 0.000163955
14.95 3.65326 0.000157801
14.96 3.71666 0.000151685
14.97 3.77903 0.000145617
14.98 3.84034 0.000139609
14.99 3.90054 0.000133669
15 3.95959 0.000127808
15.01 4.01745 0.000122036
15.02 4.07409 0.000116363
15.03 4.12945 0.000110799
15.04 4.18351 0.000105354
15.05 4.23623 0.000100038
15.06 4.28755 9.48604e-05
15.07 4.33745 8.98311e-05
15.08 4.38589 8.49594e-05
15.09 4.43283 8.02546e-05
15.1 4.47823 7.57258e-05
15.11 4.52205 7.13817e-05
15.12 4.56427 6.72312e-05
15.13 4.60484 6.32826e-05
15.14 4.64373 5.9544e-05
15.15 4.6809 5.60233e-05
15.16 4.71633 5.27282e-05
15.17 4.74997 4.96657e-05
15.18 4.78181 4.68429e-05
15.19 4.8118 4.42664e-05
15.2 4.83991 4.19424e-05
15.21 4.86613 3.98767e-05
15.22 4.89042 3.80747e-05
15.23 4.91275 3.65416e-05
15.24 4.93309 3.5282e-05
15.25 4.95143 3.42999e-05
15.26 4.96774 3.35993e-05
15.27 4.98199 3.31834e-05
15.28 4.99417 3.3055e-05
15.29 5.00425 3.32165e-05
15.3 5.01221 3.36698e-05
15.31 5.01804 3.44162e-05
15.32 5.02172 3.54567e-05
15.33 5.02323 3.67915e-05
15.34 5.02256 3.84206e-05
15.35 5.0197 4.03434e-05
15.36 5.01463 4.25586e-05
15.37 5.00735 4.50646e-05
15.38 4.99785 4.78592e-05
15.39 4.98612 5.09397e-05
15.4 4.97215 5.43028e-05
15.41 4.95595 5.79448e-05
15.42 4.9375 6.18615e-05
15.43 4.91681 6.6048e-05
15.44 4.89389 7.04991e-05
15.45 4.86872 7.5209e-05
15.46 4.84132 8.01715e-05
15.47 4.8117 8.538e-05
15.48 4.77986 9.08271e-05
15.49 4.74581 9.65052e-05
15.5 4.70956 0.000102406
15.51 4.67113 0.000108522
15.52 4.63054 0.000114843
15.53 4.58779 0.000121361
15.54 4.54291 0.000128065
15.55 4.49592 0.000134945
15.56 4.44685 0.000141992
15.57 4.39572 0.000149194
15.58 4.34255 0.000156541
15.59 4.28738 0.00016402
15.6 4.23024 0.000171621
15.61 4.17116 0.000179332
15.62 4.11018 0.000187141
15.63 4.04734 0.000195036
15.64 3.98267 0.000203004
15.65 3.91623 0.000211033
15.66 3.84806 0.00021911
15.67 3.7782 0.000227223
15.68 3.70671 0.000235358
15.69 3.63365 0.000243505
15.7 3.55906 0.000251648
15.71 3.48301 0.000259777
15.72 3.40557 0.000267878
15.73 3.32679 0.000275938
15.74 3.24676 0.000283946
15.75 3.16554 0.000291888
15.76 3.08321 0.000299754
15.77 2.99985 0.000307531
15.78 2.91556 0.000315206
15.79 2.83043 0.00032277
15.8 2.74455 0.00033021
15.81 2.65803 0.000337516
15.82 2.57098 0.000344677
15.83 2.48353 0.000351684
15.84 2.39581 0.000358525
15.85 2.30797 0.000365192
15.86 2.22015 0.000371676
15.87 2.13253 0.000377968
15.88 2.0453 0.000384059
15.89 1.95867 0.000389943
15.9 1.87287 0.000395613
15.91 1.78817 0.00040106
15.92 1.70487 0.00040628
15.93 1.6233 0.000411267
15.94 1.54386 0.000416015
15.95 1.46699 0.00042052
15.96 1.39318 0.000424778
15.97 1.32303 0.000428785
15.98 1.25718 0.000432539
15.99 1.19635 0.000436038
16 1.14135 0.000439279
16.01 1.09301 0.000442262
16.02 1.05219 0.000444986
16.03 1.01968 0.000447451
16.04 0.996164 0.000449657
16.05 0.982123 0.000451606
16.06 0.977766 0.0004533
16.07 0.982994 0.00045474
16.08 0.997408 0.00045593
16.09 1.02034 0.000456872
16.1 1.05096 0.000457571
16.11 1.0883 0.000458031
16.12 1.13139 0.000458257
16.13 1.17929 0.000458253
16.14 1.23111 0.000458026
16.15 1.28605 0.000457581
16.16 1.34341 0.000456926
16.17 1.40258 0.000456067
16.18 1.46301 0.000455011
16.19 1.52424 0.000453766
16.2 1.58587 0.00045234
16.21 1.64756 0.00045074
16.22 1.709 0.000448977
16.23 1.76993 0.000447057
16.24 1.83012 0.00044499
16.25 1.88937 0.000442786
16.26 1.9475 0.000440452
16.27 2.00434 0.000437999
16.28 2.05977 0.000435437
16.29 2.11366 0.000432774
16.3 2.16588 0.000430019
16.31 2.21635 0.000427184
16.32 2.26497 0.000424277
16.33 2.31166 0.000421307
16.34 2.35634 0.000418285
16.35 2.39896 0.000415219
16.36 2.43944 0.00041212
16.37 2.47775 0.000408995
16.38 2.51383 0.000405854
16.39 2.54765 0.000402706
16.4 2.57917 0.000399559
16.41 2.60837 0.000396423
16.42 2.6352 0.000393304
16.43 2.65967 0.000390211
16.44 2.68175 0.000387152
16.45 2.70143 0.000384133
16.46 2.71871 0.000381163
16.47 2.73359 0.000378247
16.48 2.74606 0.000375393
16.49 2.75614 0.000372606
16.5 2.76383 0.000369892
16.51 2.76915 0.000367256
16.52 2.77211 0.000364705
16.53 2.77275 0.000362241
16.54 2.77108 0.000359871
16.55 2.76713 0.000357597
16.56 2.76094 0.000355424
16.57 2.75255 0.000353355
16.58 2.74198 0.000351392
16.59 2.7293 0.00034954
16.6 2.71453 0.000347799
16.61 2.69774 0.000346173
16.62 2.67897 0.000344662
16.63 2.65828 0.000343268
16.64 2.63573 0.000341992
16.65 2.61138 0.000340835
16.66 2.5853 0.000339797
16.67 2.55755 0.000338878
16.68 2.5282 0.00033808
16.69 2.49732 0.0003374
16.7 2.465 0.000336839
16.71 2.4313 0.000336396
16.72 2.39631 0.000336069
16.73 2.3601 0.000335859
16.74 2.32277 0.000335763
16.75 2.28439 0.000335779
16.76 2.24506 0.000335907
16.77 2.20487 0.000336145
16.78 2.1639 0.00033649
16.79 2.12226 0.00033694
16.8 2.08003 0.000337494
16.81 2.03732 0.00033815
16.82 1.99422 0.000338904
16.83 1.95083 0.000339755
16.84 1.90726 0.0003407
16.85 1.8636 0.000341736
16.86 1.81997 0.000342863
16.87 1.77645 0.000344076
16.88 1.73317 0.000345374
16.89 1.69023 0.000346754
16.9 1.64773 0.000348214
16.91 1.60578 0.000349751
16.92 1.5645 0.000351363
16.93 1.52397 0.000353047
16.94 1.48432 0.000354802
16.95 1.44565 0.000356625
16.96 1.40806 0.000358514
16.97 1.37165 0.000360467
16.98 1.33651 0.000362482
16.99 1.30275 0.000364556
17 1.27045 0.000366688
17.01 1.2397 0.000368875
17.02 1.21056 0.000371117
17.03 1.1831 0.000373411
17.04 1.15739 0.000375756
17.05 1.13346 0.000378149
17.06 1.11134 0.00038059
17.07 1.09106 0.000383077
17.08 1.07263 0.000385608
17.09 1.05602 0.000388182
17.1 1.04122 0.000390797
17.11 1.02819 0.000393453
17.12 1.01688 0.000396148
17.13 1.0072 0.000398882
17.14 0.999101 0.000401651
17.15 0.992476 0.000404457
17.16 0.987228 0.000407297
17.17 0.983255 0.000410171
17.18 0.980444 0.000413077
17.19 0.978682 0.000416015
17.2 0.977854 0.000418984
17.21 0.977847 0.000421982
17.22 0.978547 0.000425009
17.23 0.979848 0.000428064
17.24 0.981644 0.000431147
17.25 0.983838 0.000434255
17.26 0.986337 0.000437389
17.27 0.989055 0.000440548
17.28 0.991913 0.00044373
17.29 0.994841 0.000446935
17.3 0.997774 0.000450162
17.31 1.00065 0.000453411
17.32 1.00343 0.00045668
17.33 1.00607 0.000459969
17.34 1.00852 0.000463277
17.35 1.01075 0.000466603
17.36 1.01275 0.000469947
17.37 1.01449 0.000473307
17.38 1.01596 0.000476683
17.39 1.01714 0.000480075
17.4 1.01805 0.00048348
17.41 1.01866 0.0004869
17.42 1.01899 0.000490332
17.43 1.01904 0.000493777
17.44 1.01883 0.000497233
17.45 1.01835 0.0005007
17.46 1.01764 0.000504178
17.47 1.0167 0.000507664
17.48 1.01555 0.00051116
17.49 1.01422 0.000514664
17.5 1.01272 0.000518176
17.51 1.01107 0.000521695
17.52 1.0093 0.00052522
17.53 1.00743 0.000528751
17.54 1.00549 0.000532288
17.55 1.00349 0.00053583
17.56 1.00146 0.000539377
17.57 0.999416 0.000542928
17.58 0.997384 0.000546482
17.59 0.995382 0.000550041
17.6 0.993428 0.000553602
17.61 0.99154 0.000557166
17.62 0.989734 0.000560733
17.63 0.988023 0.000564302
17.64 0.98642 0.000567874
17.65 0.984937 0.000571448
17.66 0.983581 0.000575023
17.67 0.982361 0.000578601
17.68 0.981282 0.00058218
17.69 0.980347 0.000585761
17.7 0.979558 0.000589344
17.71 0.978916 0.000592928
17.72 0.978418 0.000596515
17.73 0.978063 0.000600104
17.74 0.977844 0.000603695
17.75 0.977757 0.000607288
17.76 0.977795 0.000610883
17.77 0.977949 0.000614481
17.78 0.97821 0.000618083
17.79 0.97857 0.000621687
17.8 0.979016 0.000625294
17.81 0.97954 0.000628906
17.82 0.980128 0.000632521
17.83 0.980771 0.000636141
17.84 0.981457 0.000639765
17.85 0.982173 0.000643395
17.86 0.98291 0.000647029
17.87 0.983657 0.00065067
17.88 0.984402 0.000654316
17.89 0.985136 0.000657969
17.9 0.985849 0.000661629
17.91 0.986534 0.000665296
17.92 0.987182 0.000668971
17.93 0.987785 0.000672654
17.94 0.988337 0.000676345
17.95 0.988834 0.000680045
17.96 0.989269 0.000683754
17.97 0.98964 0.000687472
17.98 0.989943 0.000691201
17.99 0.990176 0.00069494
18 0.990338 0.000698689
18.01 0.990429 0.00070245
18.02 0.990449 0.000706222
18.03 0.990399 0.000710005
18.04 0.99028 0.000713801
18.05 0.990097 0.000717608
18.06 0.989851 0.000721429
18.07 0.989546 0.000725262
18.08 0.989188 0.000729109
18.09 0.988779 0.000732969
18.1 0.988326 0.000736843
18.11 0.987834 0.00074073
18.12 0.987309 0.000744632
18.13 0.986756 0.000748548
18.14 0.986181 0.000752479
18.15 0.98559 0.000756425
18.16 0.98499 0.000760385
18.17 0.984386 0.000764361
18.18 0.983783 0.000768351
18.19 0.983188 0.000772357
18.2 0.982606 0.000776379
18.21 0.982041 0.000780416
18.22 0.981498 0.000784469
18.23 0.980982 0.000788537
18.24 0.980496 0.000792622
18.25 0.980044 0.000796722
18.26 0.979628 0.000800838
18.27 0.979252 0.00080497
18.28 0.978916 0.000809118
18.29 0.978622 0.000813281
18.3 0.978371 0.000817461
18.31 0.978164 0.000821656
18.32 0.978 0.000825867
18.33 0.977879 0.000830094
18.34 0.9778 0.000834337
18.35 0.97776 0.000838595
18.36 0.977759 0.000842869
18.37 0.977794 0.000847158
18.38 0.977862 0.000851462
18.39 0.977961 0.000855782
18.4 0.978087 0.000860117
18.41 0.978237 0.000864466
18.42 0.978408 0.000868831
18.43 0.978596 0.00087321
18.44 0.978797 0.000877604
18.45 0.979008 0.000882012
18.46 0.979226 0.000886434
18.47 0.979445 0.000890871
18.48 0.979664 0.000895321
18.49 0.979878 0.000899785
18.5 0.980085 0.000904262
18.51 0.980281 0.000908753
18.52 0.980464 0.000913256
18.53 0.980631 0.000917772
18.54 0.980781 0.000922301
18.55 0.980911 0.000926843
18.56 0.981019 0.000931397
18.57 0.981105 0.000935962
18.58 0.981168 0.00094054
18.59 0.981206 0.000945129
18.6 0.98122 0.000949729
18.61 0.98121 0.000954341
18.62 0.981177 0.000958963
18.63 0.98112 0.000963596
18.64 0.981042 0.00096824
18.65 0.980942 0.000972894
18.66 0.980824 0.000977558
18.67 0.980688 0.000982232
18.68 0.980537 0.000986916
18.69 0.980372 0.000991609
18.7 0.980196 0.000996312
18.71 0.980012 0.00100102
18.72 0.979821 0.00100574
18.73 0.979627 0.00101047
18.74 0.979431 0.00101521
18.75 0.979237 0.00101996
18.76 0.979046 0.00102472
18.77 0.978862 0.00102948
18.78 0.978686 0.00103425
18.79 0.97852 0.00103903
18.8 0.978367 0.00104382
18.81 0.978228 0.00104862
18.82 0.978105 0.00105342
18.83 0.977999 0.00105823
18.84 0.977911 0.00106306
18.85 0.977843 0.00106788
18.86 0.977793 0.00107272
18.87 0.977764 0.00107756
18.88 0.977755 0.00108241
18.89 0.977765 0.00108727
18.9 0.977795 0.00109214
18.91 0.977844 0.00109702
18.92 0.97791 0.0011019
18.93 0.977993 0.00110679
18.94 0.97809 0.00111169
18.95 0.978201 0.0011166
18.96 0.978325 0.00112151
18.97 0.978458 0.00112643
18.98 0.978599 0.00113137
18.99 0.978745 0.00113631
19 0.978896 0.00114126
19.01 0.979048 0.00114622
19.02 0.9792 0.00115118
19.03 0.979349 0.00115616
19.04 0.979494 0.00116115
19.05 0.979632 0.00116614
19.06 0.979761 0.00117115
19.07 0.97988 0.00117616
19.08 0.979987 0.00118119
19.09 0.980081 0.00118622
19.1 0.980161 0.00119127
19.11 0.980225 0.00119632
19.12 0.980272 0.00120139
19.13 0.980303 0.00120647
19.14 0.980317 0.00121156
19.15 0.980313 0.00121666
19.16 0.980292 0.00122177
19.17 0.980254 0.00122689
19.18 0.9802 0.00123203
19.19 0.980131 0.00123717
19.2 0.980047 0.00124233
19.21 0.97995 0.0012475
19.22 0.979841 0.00125269
19.23 0.979721 0.00125788
19.24 0.979593 0.00126309
19.25 0.979458 0.00126831
19.26 0.979318 0.00127355
19.27 0.979174 0.0012788
19.28 0.979029 0.00128406
19.29 0.978885 0.00128933
19.3 0.978742 0.00129462
19.31 0.978604 0.00129992
19.32 0.978472 0.00130524
19.33 0.978347 0.00131056
19.34 0.978232 0.00131591
19.35 0.978127 0.00132126
19.36 0.978033 0.00132663
19.37 0.977952 0.00133202
19.38 0.977884 0.00133741
19.39 0.97783 0.00134282
19.4 0.977791 0.00134825
19.41 0.977766 0.00135369
19.42 0.977755 0.00135914
19.43 0.977759 0.00136461
19.44 0.977777 0.00137009
19.45 0.977807 0.00137558
19.46 0.97785 0.00138109
19.47 0.977904 0.00138661
19.48 0.977968 0.00139215
19.49 0.978041 0.0013977
19.5 0.978121 0.00140326
19.51 0.978207 0.00140884
19.52 0.978297 0.00141443
19.53 0.97839 0.00142003
19.54 0.978484 0.00142564
19.55 0.978577 0.00143127
19.56 0.978668 0.00143691
19.57 0.978755 0.00144257
19.58 0.978837 0.00144823
19.59 0.978913 0.00145391
19.6 0.978981 0.0014596
19.61 0.97904 0.0014653
19.62 0.97909 0.00147102
19.63 0.97913 0.00147674
19.64 0.979159 0.00148248
19.65 0.979177 0.00148823
19.66 0.979184 0.00149399
19.67 0.979179 0.00149976
19.68 0.979164 0.00150555
19.69 0.979138 0.00151134
19.7 0.979102 0.00151714
19.71 0.979057 0.00152296
19.72 0.979004 0.00152878
19.73 0.978943 0.00153462
19.74 0.978875 0.00154046
19.75 0.978803 0.00154632
19.76 0.978726 0.00155218
19.77 0.978646 0.00155806
19.78 0.978565 0.00156395
19.79 0.978483 0.00156984
19.8 0.978402 0.00157574
19.81 0.978323 0.00158166
19.82 0.978247 0.00158758
19.83 0.978174 0.00159351
19.84 0.978106 0.00159945
19.85 0.978043 0.00160541
19.86 0.977986 0.00161137
19.87 0.977935 0.00161734
19.88 0.977891 0.00162331
19.89 0.977853 0.0016293
19.9 0.977822 0.0016353
19.91 0.977797 0.00164131
19.92 0.977778 0.00164732
19.93 0.977765 0.00165335
19.94 0.977758 0.00165938
19.95 0.977755 0.00166543
19.96 0.977756 0.00167148
19.97 0.977761 0.00167755
19.98 0.977769 0.00168362
19.99 0.977779 0.00168971
20 0.97779 0.0016958
20.01 0.977803 0.00170191
20.02 0.977815 0.00170802
20.03 0.977827 0.00171415
20.04 0.977838 0.00172028
20.05 0.977848 0.00172643
20.06 0.977856 0.00173258
20.07 0.977862 0.00173875
20.08 0.977866 0.00174493
20.09 0.977868 0.00175112
20.1 0.977868 0.00175732
20.11 0.977866 0.00176353
20.12 0.977862 0.00176976
20.13 0.977856 0.00177599
20.14 0.977849 0.00178224
20.15 0.977841 0.0017885
20.16 0.977832 0.00179477
20.17 0.977823 0.00180105
20.18 0.977813 0.00180734
20.19 0.977804 0.00181365
20.2 0.977795 0.00181996
20.21 0.977786 0.00182629
20.22 0.977779 0.00183263
20.23 0.977772 0.00183899
20.24 0.977766 0.00184535
20.25 0.977762 0.00185173
20.26 0.977759 0.00185812
20.27 0.977756 0.00186452
20.28 0.977755 0.00187093
20.29 0.977755 0.00187735
20.3 0.977755 0.00188379
20.31 0.977756 0.00189023
20.32 0.977757 0.00189669
20.33 0.977759 0.00190316
20.34 0.977761 0.00190965
20.35 0.977762 0.00191614
20.36 0.977764 0.00192265
20.37 0.977765 0.00192916
20.38 0.977765 0.00193569
20.39 0.977766 0.00194223
20.4 0.977766 0.00194878
20.41 0.977765 0.00195534
20.42 0.977765 0.00196191
20.43 0.977764 0.00196849
20.44 0.977763 0.00197509
20.45 0.977762 0.00198169
20.46 0.97776 0.00198831
20.47 0.977759 0.00199494
20.48 0.977758 0.00200157
20.49 0.977757 0.00200822
20.5 0.977756 0.00201488
20.51 0.977756 0.00202155
20.52 0.977755 0.00202823
20.53 0.977755 0.00203493
20.54 0.977755 0.00204163
20.55 0.977755 0.00204834
20.56 0.977755 0.00205507
20.57 0.977755 0.0020618
20.58 0.977755 0.00206855
20.59 0.977755 0.00207531
20.6 0.977755 0.00208208
20.61 0.977755 0.00208886
20.62 0.977755 0.00209565
20.63 0.977755 0.00210245
20.64 0.977755 0.00210927
20.65 0.977755 0.00211609
20.66 0.977755 0.00212293
20.67 0.977755 0.00212978
20.68 0.977756 0.00213664
20.69 0.977757 0.00214351
20.7 0.977758 0.00215039
20.71 0.977759 0.00215729
20.72 0.97776 0.00216419
20.73 0.977761 0.00217111
20.74 0.977762 0.00217804
20.75 0.977763 0.00218498
20.76 0.977763 0.00219193
20.77 0.977764 0.00219889
20.78 0.977764 0.00220586
20.79 0.977764 0.00221285
20.8 0.977763 0.00221984
20.81 0.977762 0.00222685
20.82 0.977761 0.00223387
20.83 0.97776 0.0022409
20.84 0.977759 0.00224794
20.85 0.977758 0.00225499
20.86 0.977757 0.00226205
20.87 0.977756 0.00226912
20.88 0.977755 0.0022762
20.89 0.977755 0.0022833
20.9 0.977755 0.0022904
20.91 0.977755 0.00229752
20.92 0.977755 0.00230464
20.93 0.977755 0.00231178
20.94 0.977756 0.00231893
20.95 0.977756 0.00232609
20.96 0.977756 0.00233326
20.97 0.977756 0.00234044
20.98 0.977755 0.00234763
20.99 0.977755 0.00235483
21 0.977755 0.00236205
21.01 0.977755 0.00236928
21.02 0.977755 0.00237651
21.03 0.977756 0.00238376
21.04 0.977757 0.00239103
21.05 0.977758 0.0023983
21.06 0.97776 0.00240558
21.07 0.977762 0.00241288
21.08 0.977764 0.00242019
21.09 0.977766 0.00242751
21.1 0.977768 0.00243484
21.11 0.977769 0.00244218
21.12 0.97777 0.00244954
21.13 0.977769 0.0024569
21.14 0.977768 0.00246428
21.15 0.977767 0.00247166
21.16 0.977765 0.00247906
21.17 0.977763 0.00248647
21.18 0.977761 0.00249389
21.19 0.977759 0.00250132
21.2 0.977758 0.00250876
21.21 0.977757 0.00251621
21.22 0.977756 0.00252367
21.23 0.977755 0.00253114
21.24 0.977755 0.00253863
21.25 0.977755 0.00254612
21.26 0.977755 0.00255363
21.27 0.977755 0.00256115
21.28 0.977755 0.00256867
21.29 0.977755 0.00257621
21.3 0.977756 0.00258377
21.31 0.977756 0.00259133
21.32 0.977756 0.0025989
21.33 0.977757 0.00260649
21.34 0.977757 0.00261408
21.35 0.977757 0.00262169
21.36 0.977757 0.00262931
21.37 0.977757 0.00263694
21.38 0.977757 0.00264458
21.39 0.977757 0.00265223
21.4 0.977757 0.0026599
21.41 0.977756 0.00266757
21.42 0.977756 0.00267526
21.43 0.977756 0.00268295
21.44 0.977757 0.00269066
21.45 0.977757 0.00269838
21.46 0.977757 0.00270611
21.47 0.977757 0.00271385
21.48 0.977757 0.0027216
21.49 0.977757 0.00272937
21.5 0.977757 0.00273714
21.51 0.977757 0.00274493
21.52 0.977756 0.00275272
21.53 0.977756 0.00276053
21.54 0.977756 0.00276835
21.55 0.977756 0.00277618
21.56 0.977756 0.00278402
21.57 0.977757 0.00279188
21.58 0.977758 0.00279974
21.59 0.977758 0.00280762
21.6 0.977758 0.0028155
21.61 0.977758 0.0028234
21.62 0.977757 0.00283131
21.63 0.977757 0.00283923
21.64 0.977756 0.00284716
21.65 0.977757 0.0028551
21.66 0.977757 0.00286305
21.67 0.977757 0.00287102
21.68 0.977757 0.00287899
21.69 0.977757 0.00288698
21.7 0.977757 0.00289498
21.71 0.977757 0.00290299
21.72 0.977757 0.00291101
21.73 0.977757 0.00291904
21.74 0.977757 0.00292708
21.75 0.977757 0.00293513
21.76 0.977757 0.0029432
21.77 0.977757 0.00295127
21.78 0.977757 0.00295936
21.79 0.977757 0.00296746
21.8 0.977757 0.00297557
21.81 0.977757 0.00298369
21.82 0.977757 0.00299182
21.83 0.977757 0.00299996
21.84 0.977757 0.00300811
21.85 0.977757 0.00301627
21.86 0.977757 0.00302445
21.87 0.977757 0.00303263
21.88 0.977757 0.00304083
21.89 0.977757 0.00304903
21.9 0.977757 0.00305725
21.91 0.977757 0.00306548
21.92 0.977757 0.00307372
21.93 0.977757 0.00308197
21.94 0.977757 0.00309023
21.95 0.977757 0.00309851
21.96 0.977757 0.00310679
21.97 0.977757 0.00311509
21.98 0.977756 0.0031234
21.99 0.977757 0.00313171
22 0.977757 0.00314004
22.01 0.977757 0.00314838
22.02 0.977757 0.00315674
22.03 0.977757 0.0031651
22.04 0.977757 0.00317347
22.05 0.977757 0.00318186
22.06 0.977757 0.00319025
22.07 0.977757 0.00319866
22.08 0.977757 0.00320708
22.09 0.977757 0.00321551
22.1 0.977757 0.00322395
22.11 0.977757 0.0032324
22.12 0.977756 0.00324087
22.13 0.977756 0.00324934
22.14 0.977756 0.00325783
22.15 0.977756 0.00326632
22.16 0.977756 0.00327483
22.17 0.977757 0.00328335
22.18 0.977757 0.00329188
22.19 0.977758 0.00330042
22.2 0.977759 0.00330897
22.21 0.97776 0.00331754
22.22 0.97776 0.00332611
22.23 0.97776 0.00333469
22.24 0.977759 0.00334329
22.25 0.977758 0.0033519
22.26 0.977758 0.00336052
22.27 0.977757 0.00336915
22.28 0.977756 0.00337779
22.29 0.977756 0.00338644
22.3 0.977755 0.00339511
22.31 0.977755 0.00340378
22.32 0.977755 0.00341247
22.33 0.977755 0.00342117
22.34 0.977756 0.00342988
22.35 0.977756 0.0034386
22.36 0.977756 0.00344733
22.37 0.977757 0.00345607
22.38 0.977757 0.00346482
22.39 0.977758 0.00347359
22.4 0.977758 0.00348236
22.41 0.977759 0.00349115
22.42 0.977759 0.00349995
22.43 0.977758 0.00350876
22.44 0.977758 0.00351758
22.45 0.977758 0.00352641
22.46 0.977757 0.00353525
22.47 0.977757 0.0035441
22.48 0.977756 0.00355297
22.49 0.977756 0.00356184
22.5 0.977756 0.00357073
22.51 0.977756 0.00357963
22.52 0.977756 0.00358854
22.53 0.977756 0.00359746
22.54 0.977756 0.00360639
22.55 0.977756 0.00361533
22.56 0.977756 0.00362429
22.57 0.977756 0.00363325
22.58 0.977757 0.00364223
22.59 0.977757 0.00365122
22.6 0.977758 0.00366022
22.61 0.977758 0.00366923
22.62 0.977758 0.00367825
22.63 0.977759 0.00368728
22.64 0.977759 0.00369632
22.65 0.977759 0.00370537
22.66 0.977758 0.00371444
22.67 0.977758 0.00372351
22.68 0.977757 0.0037326
22.69 0.977756 0.0037417
22.7 0.977756 0.00375081
22.71 0.977755 0.00375993
22.72 0.977755 0.00376907
22.73 0.977755 0.00377821
22.74 0.977755 0.00378737
22.75 0.977755 0.00379654
22.76 0.977756 0.00380572
22.77 0.977757 0.00381491
22.78 0.977757 0.00382411
22.79 0.977758 0.00383332
22.8 0.977758 0.00384255
22.81 0.977758 0.00385178
22.82 0.977758 0.00386103
22.83 0.977757 0.00387029
22.84 0.977757 0.00387956
22.85 0.977756 0.00388884
22.86 0.977755 0.00389813
22.87 0.977755 0.00390743
22.88 0.977755 0.00391674
22.89 0.977756 0.00392606
22.9 0.977758 0.0039354
22.91 0.97776 0.00394474
22.92 0.977764 0.00395409
22.93 0.977769 0.00396346
22.94 0.977775 0.00397283
22.95 0.977782 0.00398222
22.96 0.97779 0.00399161
22.97 0.977798 0.00400102
22.98 0.977806 0.00401043
22.99 0.977814 0.00401986
23 0.977822 0.0040293
23.01 0.977829 0.00403874
23.02 0.977835 0.0040482
23.03 0.977839 0.00405767
23.04 0.977841 0.00406715
23.05 0.977842 0.00407665
23.06 0.977841 0.00408615
23.07 0.977838 0.00409566
23.08 0.977834 0.00410519
23.09 0.977828 0.00411473
23.1 0.97782 0.00412428
23.11 0.977812 0.00413384
23.12 0.977804 0.00414341
23.13 0.977795 0.00415299
23.14 0.977786 0.00416259
23.15 0.977778 0.0041722
23.16 0.977771 0.00418182
23.17 0.977765 0.00419145
23.18 0.97776 0.0042011
23.19 0.977757 0.00421075
23.2 0.977755 0.00422042
23.21 0.977755 0.0042301
23.22 0.977756 0.00423979
23.23 0.977759 0.0042495
23.24 0.977763 0.00425922
23.25 0.977768 0.00426894
23.26 0.977773 0.00427868
23.27 0.977779 0.00428844
23.28 0.977784 0.0042982
23.29 0.97779 0.00430798
23.3 0.977794 0.00431776
23.31 0.977798 0.00432756
23.32 0.977801 0.00433737
23.33 0.977803 0.00434719
23.34 0.977804 0.00435703
23.35 0.977803 0.00436687
23.36 0.977802 0.00437672
23.37 0.977799 0.00438659
23.38 0.977796 0.00439647
23.39 0.977791 0.00440635
23.4 0.977786 0.00441625
23.41 0.977781 0.00442616
23.42 0.977776 0.00443608
23.43 0.977771 0.00444601
23.44 0.977766 0.00445595
23.45 0.977762 0.0044659
23.46 0.977759 0.00447586
23.47 0.977756 0.00448583
23.48 0.977755 0.00449581
23.49 0.977755 0.00450581
23.5 0.977756 0.00451581
23.51 0.977758 0.00452582
23.52 0.977761 0.00453584
23.53 0.977765 0.00454588
23.54 0.97777 0.00455592
23.55 0.977775 0.00456598
23.56 0.97778 0.00457604
23.57 0.977786 0.00458612
23.58 0.977792 0.0045962
23.59 0.977797 0.0046063
23.6 0.977802 0.00461641
23.61 0.977807 0.00462653
23.62 0.97781 0.00463666
23.63 0.977813 0.0046468
23.64 0.977814 0.00465695
23.65 0.977815 0.00466711
23.66 0.977815 0.00467729
23.67 0.977813 0.00468747
23.68 0.97781 0.00469767
23.69 0.977807 0.00470788
23.7 0.977803 0.0047181
23.71 0.977798 0.00472833
23.72 0.977793 0.00473857
23.73 0.977787 0.00474882
23.74 0.977782 0.00475909
23.75 0.977776 0.00476937
23.76 0.977771 0.00477966
23.77 0.977767 0.00478996
23.78 0.977763 0.00480027
23.79 0.977759 0.00481059
23.8 0.977757 0.00482093
23.81 0.977755 0.00483128
23.82 0.977755 0.00484164
23.83 0.977755 0.00485201
23.84 0.977757 0.0048624
23.85 0.977759 0.00487279
23.86 0.977762 0.0048832
23.87 0.977765 0.00489362
23.88 0.97777 0.00490405
23.89 0.977774 0.00491449
23.9 0.977779 0.00492495
23.91 0.977783 0.00493542
23.92 0.977788 0.00494589
23.93 0.977792 0.00495638
23.94 0.977796 0.00496688
23.95 0.977799 0.0049774
23.96 0.977801 0.00498792
23.97 0.977802 0.00499845
23.98 0.977803 0.005009
23.99 0.977803 0.00501956
24 0.977801 0.00503013
24.01 0.977799 0.00504071
24.02 0.977796 0.0050513
24.03 0.977792 0.0050619
24.04 0.977788 0.00507251
24.05 0.977783 0.00508313
24.06 0.977778 0.00509376
24.07 0.977773 0.00510441
24.08 0.977769 0.00511506
24.09 0.977764 0.00512573
24.1 0.97776 0.0051364
24.11 0.977758 0.00514709
24.12 0.977756 0.00515778
24.13 0.977755 0.00516849
24.14 0.977755 0.00517921
24.15 0.977757 0.00518993
24.16 0.977761 0.00520067
24.17 0.977766 0.00521142
24.18 0.977772 0.00522218
24.19 0.97778 0.00523294
24.2 0.977789 0.00524372
24.21 0.977799 0.00525451
24.22 0.977809 0.00526531
24.23 0.977821 0.00527612
24.24 0.977833 0.00528694
24.25 0.977845 0.00529777
24.26 0.977856 0.00530861
24.27 0.977867 0.00531946
24.28 0.977877 0.00533032
24.29 0.977885 0.00534119
24.3 0.977892 0.00535208
24.31 0.977897 0.00536297
24.32 0.977899 0.00537388
24.33 0.977899 0.00538479
24.34 0.977897 0.00539572
24.35 0.977892 0.00540666
24.36 0.977884 0.00541761
24.37 0.977874 0.00542857
24.38 0.977862 0.00543955
24.39 0.977848 0.00545053
24.4 0.977833 0.00546153
24.41 0.977817 0.00547254
24.42 0.977802 0.00548357
24.43 0.977786 0.0054946
24.44 0.977773 0.00550565
24.45 0.977763 0.00551671
24.46 0.977756 0.00552778
24.47 0.977755 0.00553887
24.48 0.977761 0.00554997
24.49 0.977774 0.00556108
24.5 0.977797 0.0055722
24.51 0.97783 0.00558334
24.52 0.977876 0.00559449
24.53 0.977936 0.00560566
24.54 0.97801 0.00561684
24.55 0.978101 0.00562803
24.56 0.97821 0.00563924
24.57 0.978338 0.00565046
24.58 0.978485 0.0056617
24.59 0.978653 0.00567295
24.6 0.978842 0.00568422
24.61 0.979052 0.00569549
24.62 0.979284 0.00570679
24.63 0.979537 0.0057181
24.64 0.979811 0.00572942
24.65 0.980105 0.00574075
24.66 0.980419 0.00575211
24.67 0.980751 0.00576347
24.68 0.981098 0.00577485
24.69 0.98146 0.00578625
24.7 0.981834 0.00579766
24.71 0.982217 0.00580908
24.72 0.982607 0.00582052
24.73 0.982999 0.00583197
24.74 0.983392 0.00584344
24.75 0.983781 0.00585492
24.76 0.984162 0.00586641
24.77 0.984532 0.00587792
24.78 0.984886 0.00588944
24.79 0.985221 0.00590097
24.8 0.985531 0.00591252
24.81 0.985814 0.00592408
24.82 0.986064 0.00593566
24.83 0.986279 0.00594724
24.84 0.986453 0.00595884
24.85 0.986585 0.00597045
24.86 0.98667 0.00598208
24.87 0.986707 0.00599371
24.88 0.986692 0.00600536
24.89 0.986624 0.00601701
24.9 0.986502 0.00602868
24.91 0.986326 0.00604036
24.92 0.986094 0.00605204
24.93 0.985809 0.00606374
24.94 0.985472 0.00607545
24.95 0.985085 0.00608716
24.96 0.984652 0.00609889
24.97 0.984176 0.00611062
24.98 0.983664 0.00612236
24.99 0.983121 0.0061341
25 0.982555 0.00614586
25.01 0.981973 0.00615762
25.02 0.981385 0.00616938
25.03 0.980801 0.00618115
25.04 0.980231 0.00619293
25.05 0.979688 0.00620471
25.06 0.979184 0.0062165
25.07 0.978734 0.00622829
25.08 0.97835 0.00624008
25.09 0.97805 0.00625188
25.1 0.977847 0.00626368
25.11 0.977758 0.00627548
25.12 0.977799 0.00628728
25.13 0.977987 0.00629908
25.14 0.978338 0.00631089
25.15 0.978869 0.00632269
25.16 0.979596 0.0063345
25.17 0.980535 0.00634631
25.18 0.981701 0.00635812
25.19 0.983109 0.00636992
25.2 0.984772 0.00638173
25.21 0.986703 0.00639353
25.22 0.988912 0.00640534
25.23 0.99141 0.00641714
25.24 0.994204 0.00642894
25.25 0.997301 0.00644074
25.26 1.0007 0.00645254
25.27 1.00442 0.00646434
25.28 1.00844 0.00647613
25.29 1.01277 0.00648793
25.3 1.01741 0.00649972
25.31 1.02234 0.00651151
25.32 1.02756 0.00652331
25.33 1.03305 0.0065351
25.34 1.03881 0.00654689
25.35 1.04482 0.00655867
25.36 1.05106 0.00657046
25.37 1.05751 0.00658225
25.38 1.06415 0.00659404
25.39 1.07095 0.00660583
25.4 1.0779 0.00661762
25.41 1.08496 0.00662941
25.42 1.0921 0.00664121
25.43 1.0993 0.00665301
25.44 1.10653 0.00666481
25.45 1.11375 0.00667661
25.46 1.12093 0.00668842
25.47 1.12804 0.00670023
25.48 1.13504 0.00671205
25.49 1.14191 0.00672387
25.5 1.14861 0.0067357
25.51 1.1551 0.00674754
25.52 1.16135 0.00675939
25.53 1.16733 0.00677124
25.54 1.17301 0.00678311
25.55 1.17836 0.00679498
25.56 1.18333 0.00680687
25.57 1.18792 0.00681876
25.58 1.19208 0.00683067
25.59 1.19579 0.00684259
25.6 1.19902 0.00685453
25.61 1.20176 0.00686648
25.62 1.20397 0.00687844
25.63 1.20563 0.00689042
25.64 1.20674 0.00690241
25.65 1.20726 0.00691442
25.66 1.2072 0.00692645
25.67 1.20652 0.0069385
25.68 1.20524 0.00695056
25.69 1.20333 0.00696264
25.7 1.2008 0.00697474
25.71 1.19764 0.00698686
25.72 1.19387 0.00699901
25.73 1.18947 0.00701117
25.74 1.18447 0.00702335
25.75 1.17888 0.00703555
25.76 1.17271 0.00704778
25.77 1.16598 0.00706002
25.78 1.15872 0.00707229
25.79 1.15097 0.00708458
25.8 1.14275 0.00709689
25.81 1.1341 0.00710923
25.82 1.12507 0.00712158
25.83 1.11571 0.00713396
25.84 1.10607 0.00714636
25.85 1.09621 0.00715879
25.86 1.0862 0.00717124
25.87 1.07612 0.00718371
25.88 1.06603 0.0071962
25.89 1.05602 0.00720872
25.9 1.04618 0.00722126
25.91 1.0366 0.00723382
25.92 1.02738 0.00724641
25.93 1.01863 0.00725902
25.94 1.01044 0.00727165
25.95 1.00292 0.0072843
25.96 0.996178 0.00729698
25.97 0.990329 0.00730968
25.98 0.985475 0.00732241
25.99 0.98172 0.00733516
26 0.97916 0.00734793
26.01 0.977886 0.00736073
26.02 0.977981 0.00737355
26.03 0.979514 0.0073864
26.04 0.982545 0.00739927
26.05 0.987119 0.00741216
26.06 0.993266 0.00742508
26.07 1.001 0.00743803
26.08 1.01033 0.007451
26.09 1.02122 0.007464
26.1 1.03366 0.00747703
26.11 1.0476 0.00749008
26.12 1.06299 0.00750316
26.13 1.07974 0.00751627
26.14 1.09779 0.00752941
26.15 1.11705 0.00754258
26.16 1.13743 0.00755579
26.17 1.15882 0.00756902
26.18 1.18113 0.00758229
26.19 1.20425 0.00759559
26.2 1.22807 0.00760892
26.21 1.25248 0.00762229
26.22 1.27738 0.00763569
26.23 1.30266 0.00764914
26.24 1.32821 0.00766262
26.25 1.35393 0.00767614
26.26 1.37972 0.00768969
26.27 1.40548 0.00770329
26.28 1.4311 0.00771693
26.29 1.45651 0.00773062
26.3 1.4816 0.00774434
26.31 1.50629 0.00775811
26.32 1.53049 0.00777193
26.33 1.55413 0.00778579
26.34 1.57712 0.00779969
26.35 1.59939 0.00781364
26.36 1.62086 0.00782764
26.37 1.64147 0.00784169
26.38 1.66116 0.00785578
26.39 1.67986 0.00786992
26.4 1.69751 0.00788411
26.41 1.71405 0.00789835
26.42 1.72944 0.00791263
26.43 1.74363 0.00792697
26.44 1.75657 0.00794135
26.45 1.76821 0.00795577
26.46 1.77853 0.00797025
26.47 1.78748 0.00798477
26.48 1.79504 0.00799933
26.49 1.80117 0.00801394
26.5 1.80585 0.00802859
26.51 1.80907 0.00804328
26.52 1.8108 0.00805801
26.53 1.81104 0.00807278
26.54 1.80977 0.00808759
26.55 1.80699 0.00810243
26.56 1.80269 0.0081173
26.57 1.79688 0.00813221
26.58 1.78957 0.00814715
26.59 1.78077 0.00816211
26.6 1.77049 0.00817709
26.61 1.75875 0.0081921
26.62 1.74557 0.00820713
26.63 1.731 0.00822217
26.64 1.71504 0.00823723
26.65 1.69775 0.00825229
26.66 1.67917 0.00826737
26.67 1.65935 0.00828244
26.68 1.63833 0.00829753
26.69 1.61618 0.0083126
26.7 1.59295 0.00832768
26.71 1.56873 0.00834274
26.72 1.54358 0.0083578
26.73 1.51758 0.00837284
26.74 1.49083 0.00838786
26.75 1.46341 0.00840287
26.76 1.43544 0.00841785
26.77 1.40702 0.0084328
26.78 1.37826 0.00844772
26.79 1.3493 0.00846261
26.8 1.32026 0.00847747
26.81 1.2913 0.00849229
26.82 1.26256 0.00850706
26.83 1.2342 0.0085218
26.84 1.20639 0.00853648
26.85 1.17931 0.00855112
26.86 1.15314 0.00856571
26.87 1.12808 0.00858025
26.88 1.10432 0.00859474
26.89 1.08205 0.00860917
26.9 1.06147 0.00862354
26.91 1.04278 0.00863785
26.92 1.02616 0.00865211
26.93 1.01177 0.0086663
26.94 0.999775 0.00868044
26.95 0.990292 0.00869451
26.96 0.983424 0.00870852
26.97 0.979235 0.00872247
26.98 0.977758 0.00873636
26.99 0.978985 0.00875018
27 0.982874 0.00876395
27.01 0.989348 0.00877765
27.02 0.998295 0.0087913
27.03 1.00958 0.00880488
27.04 1.02304 0.00881841
27.05 1.03849 0.00883188
27.06 1.05575 0.0088453
27.07 1.07462 0.00885866
27.08 1.0949 0.00887198
27.09 1.11638 0.00888524
27.1 1.13887 0.00889845
27.11 1.16217 0.00891162
27.12 1.18611 0.00892475
27.13 1.21051 0.00893784
27.14 1.2352 0.00895089
27.15 1.26003 0.0089639
27.16 1.28485 0.00897688
27.17 1.30953 0.00898983
27.18 1.33393 0.00900275
27.19 1.35796 0.00901565
27.2 1.38149 0.00902853
27.21 1.40442 0.00904139
27.22 1.42668 0.00905423
27.23 1.44816 0.00906706
27.24 1.46881 0.00907988
27.25 1.48854 0.0090927
27.26 1.50729 0.00910551
27.27 1.52501 0.00911832
27.28 1.54165 0.00913113
27.29 1.55716 0.00914395
27.3 1.57149 0.00915677
27.31 1.58463 0.0091696
27.32 1.59653 0.00918245
27.33 1.60717 0.00919531
27.34 1.61652 0.00920818
27.35 1.62458 0.00922108
27.36 1.63133 0.009234
27.37 1.63675 0.00924694
27.38 1.64085 0.00925991
27.39 1.64363 0.00927291
27.4 1.64508 0.00928594
27.41 1.64521 0.00929899
27.42 1.64403 0.00931209
27.43 1.64155 0.00932521
27.44 1.6378 0.00933837
27.45 1.63278 0.00935157
27.46 1.62652 0.00936481
27.47 1.61905 0.00937808
27.48 1.6104 0.0093914
27.49 1.60059 0.00940476
27.5 1.58966 0.00941815
27.51 1.57765 0.00943159
27.52 1.56461 0.00944508
27.53 1.55056 0.0094586
27.54 1.53557 0.00947217
27.55 1.51967 0.00948579
27.56 1.50293 0.00949944
27.57 1.48539 0.00951314
27.58 1.46712 0.00952689
27.59 1.44818 0.00954067
27.6 1.42862 0.0095545
27.61 1.40853 0.00956838
27.62 1.38797 0.00958229
27.63 1.36701 0.00959625
27.64 1.34573 0.00961025
27.65 1.32421 0.0096243
27.66 1.30253 0.00963838
27.67 1.28079 0.00965251
27.68 1.25907 0.00966667
27.69 1.23746 0.00968088
27.7 1.21606 0.00969512
27.71 1.19497 0.00970941
27.72 1.17428 0.00972373
27.73 1.1541 0.00973809
27.74 1.13454 0.00975249
27.75 1.11569 0.00976692
27.76 1.09766 0.00978139
27.77 1.08056 0.0097959
27.78 1.06449 0.00981044
27.79 1.04953 0.00982501
27.8 1.03579 0.00983963
27.81 1.02336 0.00985427
27.82 1.0123 0.00986895
27.83 1.00269 0.00988366
27.84 0.994596 0.00989841
27.85 0.988052 0.00991318
27.86 0.983097 0.009928
27.87 0.979748 0.00994284
27.88 0.978011 0.00995771
27.89 0.977875 0.00997262
27.9 0.979316 0.00998756
27.91 0.982296 0.0100025
27.92 0.986763 0.0100175
27.93 0.992654 0.0100326
27.94 0.999896 0.0100476
27.95 1.00841 0.0100627
27.96 1.0181 0.0100779
27.97 1.02888 0.010093
27.98 1.04065 0.0101082
27.99 1.05331 0.0101235
28 1.06676 0.0101387
28.01 1.0809 0.010154
28.02 1.09563 0.0101693
28.03 1.11086 0.0101847
28.04 1.12649 0.0102001
28.05 1.14243 0.0102155
28.06 1.1586 0.010231
28.07 1.17491 0.0102465
28.08 1.19128 0.010262
28.09 1.20765 0.0102776
28.1 1.22393 0.0102931
28.11 1.24007 0.0103088
28.12 1.256 0.0103244
28.13 1.27168 0.0103401
28.14 1.28703 0.0103559
28.15 1.30202 0.0103716
28.16 1.31659 0.0103874
28.17 1.33071 0.0104033
28.18 1.34434 0.0104192
28.19 1.35743 0.0104351
28.2 1.36997 0.010451
28.21 1.38191 0.010467
28.22 1.39323 0.010483
28.23 1.40391 0.010499
28.24 1.41392 0.0105151
28.25 1.42325 0.0105312
28.26 1.43187 0.0105474
28.27 1.43978 0.0105635
28.28 1.44696 0.0105797
28.29 1.45341 0.010596
28.3 1.4591 0.0106122
28.31 1.46404 0.0106285
28.32 1.46822 0.0106449
28.33 1.47164 0.0106612
28.34 1.4743 0.0106776
28.35 1.4762 0.010694
28.36 1.47733 0.0107104
28.37 1.47771 0.0107269
28.38 1.47733 0.0107434
28.39 1.47622 0.0107599
28.4 1.47436 0.0107764
28.41 1.47178 0.0107929
28.42 1.46847 0.0108095
28.43 1.46447 0.0108261
28.44 1.45977 0.0108427
28.45 1.45439 0.0108593
28.46 1.44834 0.0108759
28.47 1.44165 0.0108925
28.48 1.43433 0.0109092
28.49 1.4264 0.0109258
28.5 1.41787 0.0109425
28.51 1.40878 0.0109591
28.52 1.39913 0.0109758
28.53 1.38895 0.0109924
28.54 1.37827 0.0110091
28.55 1.36711 0.0110257
28.56 1.35548 0.0110424
28.57 1.34342 0.011059
28.58 1.33095 0.0110756
28.59 1.31811 0.0110923
28.6 1.3049 0.0111089
28.61 1.29136 0.0111254
28.62 1.27752 0.011142
28.63 1.26341 0.0111585
28.64 1.24905 0.011175
28.65 1.23446 0.0111915
28.66 1.21969 0.011208
28.67 1.20474 0.0112244
28.68 1.18966 0.0112407
28.69 1.17446 0.0112571
28.7 1.15918 0.0112733
28.71 1.14383 0.0112896
28.72 1.12844 0.0113057
28.73 1.11303 0.0113219
28.74 1.09763 0.0113379
28.75 1.08226 0.0113539
28.76 1.06692 0.0113698
28.77 1.05165 0.0113856
28.78 1.03646 0.0114014
28.79 1.02135 0.011417
28.8 1.00634 0.0114326
28.81 0.991442 0.011448
28.82 0.976659 0.0114634
28.83 0.961997 0.0114786
28.84 0.947457 0.0114937
28.85 0.93304 0.0115086
28.86 0.918745 0.0115235
28.87 0.904571 0.0115381
28.88 0.890512 0.0115526
28.89 0.876564 0.0115669
28.9 0.862724 0.0115811
28.91 0.848988 0.011595
28.92 0.835353 0.0116088
28.93 0.82182 0.0116223
28.94 0.80839 0.0116356
28.95 0.795072 0.0116487
28.96 0.781876 0.0116615
28.97 0.768821 0.011674
28.98 0.755931 0.0116862
28.99 0.743239 0.0116982
29 0.730784 0.0117099
29.01 0.718616 0.0117212
29.02 0.706791 0.0117322
29.03 0.695374 0.0117429
29.04 0.684438 0.0117533
29.05 0.674062 0.0117633
29.06 0.664328 0.0117729
29.07 0.655322 0.0117821
29.08 0.647127 0.011791
29.09 0.639824 0.0117995
29.1 0.633485 0.0118076
29.11 0.628172 0.0118154
29.12 0.623935 0.0118227
29.13 0.620806 0.0118297
29.14 0.618799 0.0118363
29.15 0.617908 0.0118425
29.16 0.618108 0.0118483
29.17 0.619355 0.0118538
29.18 0.621586 0.0118589
29.19 0.624725 0.0118637
29.2 0.628682 0.0118681
29.21 0.633359 0.0118722
29.22 0.638651 0.011876
29.23 0.644448 0.0118795
29.24 0.650644 0.0118827
29.25 0.65713 0.0118856
29.26 0.663803 0.0118883
29.27 0.670566 0.0118907
29.28 0.677326 0.0118929
29.29 0.683997 0.0118949
29.3 0.690502 0.0118967
29.31 0.696769 0.0118982
29.32 0.702735 0.0118996
29.33 0.708341 0.0119008
29.34 0.713538 0.0119019
29.35 0.718279 0.0119028
29.36 0.722527 0.0119036
29.37 0.726246 0.0119042
29.38 0.729407 0.0119048
29.39 0.731983 0.0119052
29.4 0.733954 0.0119055
29.41 0.735299 0.0119057
29.42 0.736003 0.0119059
29.43 0.736053 0.011906
29.44 0.735437 0.011906
29.45 0.734147 0.0119059
29.46 0.732175 0.0119058
29.47 0.729515 0.0119057
29.48 0.726164 0.0119055
29.49 0.722118 0.0119053
29.5 0.717375 0.011905
29.51 0.711935 0.0119047
29.52 0.705798 0.0119044
29.53 0.698965 0.011904
29.54 0.691436 0.0119036
29.55 0.683216 0.0119033
29.56 0.674306 0.0119029
29.57 0.664711 0.0119025
29.58 0.654434 0.0119021
29.59 0.643481 0.0119016
29.6 0.631856 0.0119012
29.61 0.619565 0.0119008
29.62 0.606614 0.0119004
29.63 0.59301 0.0119
29.64 0.57876 0.0118995
29.65 0.56387 0.0118991
29.66 0.548349 0.0118987
29.67 0.532204 0.0118983
29.68 0.515444 0.011898
29.69 0.498078 0.0118976
29.7 0.480113 0.0118972
29.71 0.46156 0.0118969
29.72 0.442428 0.0118965
29.73 0.422727 0.0118962
29.74 0.402467 0.0118959
29.75 0.381658 0.0118956
29.76 0.36031 0.0118953
29.77 0.338435 0.0118951
29.78 0.316044 0.0118948
29.79 0.293147 0.0118946
29.8 0.269757 0.0118944
29.81 0.245884 0.0118942
29.82 0.221541 0.0118941
29.83 0.19674 0.0118939
29.84 0.171493 0.0118938
29.85 0.145812 0.0118937
29.86 0.119711 0.0118936
29.87 0.0932014 0.0118935
29.88 0.0662971 0.0118935
29.89 0.0390125 0.0118935
29.9 0.011377 0.0118935
29.91 0.0166891 0.0118935
29.92 0.045032 0.0118936
29.93 0.0737144 0.0118936
29.94 0.102714 0.0118937
29.95 0.132016 0.0118939
29.96 0.161607 0.011894
29.97 0.191472 0.0118942
29.98 0.221597 0.0118944
29.99 0.251968 0.0118946
