0 7.19749e-17 3.02141e-41
0.01 7.25969e-17 1.21903e-40
0.02 7.3219e-17 2.76647e-40
0.03 7.3841e-17 4.9604e-40
0.04 7.44629e-17 7.81689e-40
0.05 7.50848e-17 1.13521e-39
0.06 7.57066e-17 1.55825e-39
0.07 7.63284e-17 2.05244e-39
0.08 7.69501e-17 2.61945e-39
0.09 7.75716e-17 3.26095e-39
0.1 7.81931e-17 3.97863e-39
0.11 7.88144e-17 4.77418e-39
0.12 7.94357e-17 5.64932e-39
0.13 8.00567e-17 6.60577e-39
0.14 8.06777e-17 7.64527e-39
0.15 8.12984e-17 8.76958e-39
0.16 8.19191e-17 9.98045e-39
0.17 8.25395e-17 1.12797e-38
0.18 8.31597e-17 1.2669e-38
0.19 8.37798e-17 1.41503e-38
0.2 8.43996e-17 1.57253e-38
0.21 8.50193e-17 1.73959e-38
0.22 8.56387e-17 1.91639e-38
0.23 8.62579e-17 2.10312e-38
0.24 8.68768e-17 2.29996e-38
0.25 8.74954e-17 2.5071e-38
0.26 8.81138e-17 2.72472e-38
0.27 8.8732e-17 2.95303e-38
0.28 8.93498e-17 3.19221e-38
0.29 8.99673e-17 3.44245e-38
0.3 9.05846e-17 3.70394e-38
0.31 9.12015e-17 3.97689e-38
0.32 9.18181e-17 4.26148e-38
0.33 9.24343e-17 4.55791e-38
0.34 9.30502e-17 4.86639e-38
0.35 9.36658e-17 5.18711e-38
0.36 1.88562e-16 5.8638e-38
0.37 1.89791e-16 6.58678e-38
0.38 1.9102e-16 7.35686e-38
0.39 1.92248e-16 8.17488e-38
0.4 1.93475e-16 9.04164e-38
0.41 1.94702e-16 9.95798e-38
0.42 1.95927e-16 1.09247e-37
0.43 1.97152e-16 1.19427e-37
0.44 1.98376e-16 1.30128e-37
0.45 1.99598e-16 1.41358e-37
0.46 2.0082e-16 1.53125e-37
0.47 2.02041e-16 1.65439e-37
0.48 2.03261e-16 1.78308e-37
0.49 2.0448e-16 1.9174e-37
0.5 2.05698e-16 2.05744e-37
0.51 2.06914e-16 2.20329e-37
0.52 2.0813e-16 2.35504e-37
0.53 2.09345e-16 2.51277e-37
0.54 2.10558e-16 2.67657e-37
0.55 2.11771e-16 2.84653e-37
0.56 2.12982e-16 3.02273e-37
0.57 2.14192e-16 3.20528e-37
0.58 2.15401e-16 3.39425e-37
0.59 2.16609e-16 3.58974e-37
0.6 2.17815e-16 3.79184e-37
0.61 2.1902e-16 4.00063e-37
0.62 3.30336e-16 4.32613e-37
0.63 3.3214e-16 4.66624e-37
0.64 3.33942e-16 5.02117e-37
0.65 3.35741e-16 5.39112e-37
0.66 3.37539e-16 5.77631e-37
0.67 3.39335e-16 6.17695e-37
0.68 3.41128e-16 6.59324e-37
0.69 3.4292e-16 7.0254e-37
0.7 3.44709e-16 7.47364e-37
0.71 3.46496e-16 7.93817e-37
0.72 3.48281e-16 8.41921e-37
0.73 3.50063e-16 8.91696e-37
0.74 3.51844e-16 9.43166e-37
0.75 3.53622e-16 9.9635e-37
0.76 3.55397e-16 1.05127e-36
0.77 3.5717e-16 1.10795e-36
0.78 3.58941e-16 1.16641e-36
0.79 4.80945e-16 1.2471e-36
0.8 4.833e-16 1.33089e-36
0.81 4.85651e-16 1.41785e-36
0.82 4.87998e-16 1.50799e-36
0.83 4.90342e-16 1.60136e-36
0.84 4.92682e-16 1.69801e-36
0.85 4.95019e-16 1.79796e-36
0.86 4.97353e-16 1.90126e-36
0.87 4.99682e-16 2.00796e-36
0.88 5.02008e-16 2.11808e-36
0.89 5.04331e-16 2.23167e-36
0.9 5.06649e-16 2.34877e-36
0.91 6.36205e-16 2.50006e-36
0.92 6.39094e-16 2.65679e-36
0.93 6.41977e-16 2.81902e-36
0.94 6.44856e-16 2.98682e-36
0.95 6.4773e-16 3.16025e-36
0.96 6.50599e-16 3.33937e-36
0.97 6.53462e-16 3.52426e-36
0.98 6.56321e-16 3.71496e-36
0.99 6.59174e-16 3.91155e-36
1 6.62022e-16 4.1141e-36
1.01 7.97838e-16 4.36498e-36
1.02 8.01243e-16 4.62441e-36
1.03 8.04641e-16 4.89248e-36
1.04 8.08033e-16 5.16928e-36
1.05 8.11418e-16 5.4549e-36
1.06 8.14797e-16 5.74944e-36
1.07 8.18168e-16 6.05299e-36
1.08 8.21533e-16 6.36565e-36
1.09 8.24891e-16 6.68751e-36
1.1 9.66283e-16 7.07462e-36
1.11 9.70184e-16 7.47426e-36
1.12 9.74077e-16 7.88655e-36
1.13 9.77962e-16 8.31161e-36
1.14 9.81838e-16 8.74959e-36
1.15 9.85706e-16 9.2006e-36
1.16 9.89565e-16 9.66477e-36
1.17 1.13533e-15 1.02114e-35
1.18 1.13972e-15 1.07753e-35
1.19 1.1441e-15 1.13565e-35
1.2 1.14847e-15 1.19554e-35
1.21 1.15283e-15 1.2572e-35
1.22 1.15718e-15 1.32065e-35
1.23 1.30671e-15 1.39417e-35
1.24 1.31158e-15 1.46998e-35
1.25 1.31644e-15 1.54808e-35
1.26 1.32129e-15 1.6285e-35
1.27 1.32612e-15 1.71127e-35
1.28 1.33094e-15 1.7964e-35
1.29 1.48417e-15 1.89376e-35
1.3 1.4895e-15 1.99406e-35
1.31 1.49482e-15 2.09732e-35
1.32 1.50012e-15 2.20357e-35
1.33 1.50541e-15 2.31283e-35
1.34 1.66175e-15 2.4365e-35
1.35 1.66754e-15 2.56385e-35
1.36 1.67331e-15 2.69489e-35
1.37 1.67906e-15 2.82967e-35
1.38 1.83796e-15 2.98097e-35
1.39 1.8442e-15 3.13675e-35
1.4 1.85043e-15 3.29704e-35
1.41 1.85663e-15 3.46189e-35
1.42 2.01805e-15 3.64562e-35
1.43 2.02474e-15 3.83474e-35
1.44 2.0314e-15 4.02929e-35
1.45 2.03804e-15 4.22931e-35
1.46 2.20195e-15 4.45086e-35
1.47 2.20906e-15 4.67881e-35
1.48 2.21615e-15 4.91321e-35
1.49 2.22322e-15 5.15412e-35
1.5 2.38957e-15 5.41948e-35
1.51 2.39709e-15 5.69236e-35
1.52 2.40459e-15 5.97284e-35
1.53 2.57287e-15 6.28041e-35
1.54 2.58081e-15 6.59669e-35
1.55 2.58873e-15 6.92175e-35
1.56 2.75892e-15 7.27678e-35
1.57 2.76728e-15 7.6418e-35
1.58 2.77561e-15 8.0169e-35
1.59 2.94767e-15 8.42509e-35
1.6 2.95643e-15 8.84467e-35
1.61 2.96516e-15 9.27573e-35
1.62 3.13907e-15 9.74325e-35
1.63 3.14821e-15 1.02237e-34
1.64 3.15733e-15 1.07171e-34
1.65 3.33306e-15 1.12506e-34
1.66 3.34259e-15 1.17987e-34
1.67 3.51968e-15 1.23898e-34
1.68 3.5296e-15 1.29972e-34
1.69 3.53949e-15 1.36208e-34
1.7 3.71836e-15 1.42917e-34
1.71 3.72863e-15 1.49807e-34
1.72 3.90882e-15 1.57203e-34
1.73 3.91948e-15 1.64799e-34
1.74 4.10097e-15 1.72938e-34
1.75 4.11201e-15 1.81296e-34
1.76 4.29479e-15 1.90237e-34
1.77 4.30619e-15 1.99417e-34
1.78 4.49025e-15 2.09219e-34
1.79 4.502e-15 2.19284e-34
1.8 4.68732e-15 2.30014e-34
1.81 4.69942e-15 2.41029e-34
1.82 4.88598e-15 2.52754e-34
1.83 4.89842e-15 2.64789e-34
1.84 5.0862e-15 2.77581e-34
1.85 5.27481e-15 2.91167e-34
1.86 5.28796e-15 3.05112e-34
1.87 5.47777e-15 3.19901e-34
1.88 5.49124e-15 3.35079e-34
1.89 5.68222e-15 3.51154e-34
1.9 5.874e-15 3.68168e-34
1.91 5.88814e-15 3.85627e-34
1.92 6.08107e-15 4.04082e-34
1.93 6.27478e-15 4.23578e-34
1.94 6.28957e-15 4.4358e-34
1.95 6.4844e-15 4.64685e-34
1.96 6.68e-15 4.86939e-34
1.97 6.87636e-15 5.10392e-34
1.98 6.89209e-15 5.34451e-34
1.99 7.08953e-15 5.59778e-34
2 7.28771e-15 5.86424e-34
2.01 7.48661e-15 6.14442e-34
2.02 7.68625e-15 6.43888e-34
2.03 7.70319e-15 6.7409e-34
2.04 7.90386e-15 7.05798e-34
2.05 8.10523e-15 7.39071e-34
2.06 8.3073e-15 7.73968e-34
2.07 8.51006e-15 8.10552e-34
2.08 8.71351e-15 8.48886e-34
2.09 8.91764e-15 8.89035e-34
2.1 9.12244e-15 9.31066e-34
2.11 9.3279e-15 9.75048e-34
2.12 9.53402e-15 1.02105e-33
2.13 9.74079e-15 1.06914e-33
2.14 9.94821e-15 1.11941e-33
2.15 1.01563e-14 1.17191e-33
2.16 1.03649e-14 1.22673e-33
2.17 1.05742e-14 1.28395e-33
2.18 1.07841e-14 1.34365e-33
2.19 1.09947e-14 1.40591e-33
2.2 1.13957e-14 1.47194e-33
2.21 1.16078e-14 1.54074e-33
2.22 1.18204e-14 1.61243e-33
2.23 1.20337e-14 1.68708e-33
2.24 1.24388e-14 1.76602e-33
2.25 1.26535e-14 1.84817e-33
2.26 1.28688e-14 1.93364e-33
2.27 1.3277e-14 2.02384e-33
2.28 1.34936e-14 2.11762e-33
2.29 1.37108e-14 2.21509e-33
2.3 1.4122e-14 2.31777e-33
2.31 1.43405e-14 2.42442e-33
2.32 1.47537e-14 2.53665e-33
2.33 1.49736e-14 2.65314e-33
2.34 1.53887e-14 2.7756e-33
2.35 1.56099e-14 2.90263e-33
2.36 1.60269e-14 3.03601e-33
2.37 1.64451e-14 3.17599e-33
2.38 1.66682e-14 3.32109e-33
2.39 1.70882e-14 3.47321e-33
2.4 1.75092e-14 3.63261e-33
2.41 1.79313e-14 3.79955e-33
2.42 1.83544e-14 3.97432e-33
2.43 1.85808e-14 4.15525e-33
2.44 1.90056e-14 4.34449e-33
2.45 1.94314e-14 4.54232e-33
2.46 1.98581e-14 4.74904e-33
2.47 2.02858e-14 4.96496e-33
2.48 2.07144e-14 5.1904e-33
2.49 2.11439e-14 5.42568e-33
2.5 2.1774e-14 5.67342e-33
2.51 2.22056e-14 5.93176e-33
2.52 2.2638e-14 6.20106e-33
2.53 2.30713e-14 6.48166e-33
2.54 2.37063e-14 6.77646e-33
2.55 2.41415e-14 7.0834e-33
2.56 2.45775e-14 7.40286e-33
2.57 2.52159e-14 7.73795e-33
2.58 2.56537e-14 8.08647e-33
2.59 2.62945e-14 8.45166e-33
2.6 2.69365e-14 8.83414e-33
2.61 2.73769e-14 9.23153e-33
2.62 2.80211e-14 9.64733e-33
2.63 2.86665e-14 1.00822e-32
2.64 2.9313e-14 1.05368e-32
2.65 2.99606e-14 1.10117e-32
2.66 3.06093e-14 1.15078e-32
2.67 3.12591e-14 1.20257e-32
2.68 3.191e-14 1.25661e-32
2.69 3.25618e-14 1.31298e-32
2.7 3.32147e-14 1.37176e-32
2.71 3.38685e-14 1.43302e-32
2.72 3.47288e-14 1.49722e-32
2.73 3.53847e-14 1.56408e-32
2.74 3.62474e-14 1.63409e-32
2.75 3.69053e-14 1.70694e-32
2.76 3.77704e-14 1.78314e-32
2.77 3.84301e-14 1.86239e-32
2.78 3.92974e-14 1.9452e-32
2.79 4.01659e-14 2.03171e-32
2.8 4.10355e-14 2.12203e-32
2.81 4.19062e-14 2.21629e-32
2.82 4.2778e-14 2.31463e-32
2.83 4.36508e-14 2.41718e-32
2.84 4.45246e-14 2.52407e-32
2.85 4.56076e-14 2.63595e-32
2.86 4.64835e-14 2.75249e-32
2.87 4.75689e-14 2.87435e-32
2.88 4.84466e-14 3.00117e-32
2.89 4.95342e-14 3.13367e-32
2.9 5.06229e-14 3.27204e-32
2.91 5.17127e-14 3.41648e-32
2.92 5.28035e-14 3.56718e-32
2.93 5.38953e-14 3.72435e-32
2.94 5.49881e-14 3.8882e-32
2.95 5.60817e-14 4.05894e-32
2.96 5.73864e-14 4.23746e-32
2.97 5.84819e-14 4.42333e-32
2.98 5.97886e-14 4.61748e-32
2.99 6.08857e-14 4.81947e-32
3 6.21942e-14 5.03028e-32
3.01 6.35037e-14 5.25017e-32
3.02 6.4814e-14 5.47946e-32
3.03 6.61251e-14 5.71843e-32
3.04 6.76484e-14 5.96819e-32
3.05 6.89611e-14 6.22829e-32
3.06 7.0486e-14 6.49987e-32
3.07 7.20118e-14 6.78331e-32
3.08 7.33264e-14 7.07815e-32
3.09 7.48535e-14 7.38559e-32
3.1 7.65934e-14 7.70695e-32
3.11 7.81218e-14 8.04176e-32
3.12 7.96507e-14 8.39046e-32
3.13 8.13925e-14 8.75444e-32
3.14 8.3135e-14 9.13417e-32
3.15 8.46651e-14 9.52919e-32
3.16 8.66212e-14 9.94199e-32
3.17 8.83649e-14 1.03721e-31
3.18 9.01088e-14 1.08201e-31
3.19 9.2066e-14 1.12876e-31
3.2 9.38104e-14 1.17741e-31
3.21 9.5768e-14 1.22814e-31
3.22 9.77258e-14 1.28101e-31
3.23 9.9897e-14 1.3362e-31
3.24 1.01855e-13 1.39368e-31
3.25 1.04026e-13 1.45362e-31
3.26 1.06197e-13 1.51612e-31
3.27 1.08368e-13 1.58126e-31
3.28 1.10539e-13 1.64911e-31
3.29 1.12709e-13 1.71976e-31
3.3 1.15093e-13 1.79343e-31
3.31 1.17476e-13 1.87023e-31
3.32 1.19859e-13 1.95024e-31
3.33 1.22241e-13 2.03356e-31
3.34 1.24836e-13 2.12046e-31
3.35 1.27217e-13 2.21088e-31
3.36 1.2981e-13 2.30509e-31
3.37 1.32617e-13 2.40337e-31
3.38 1.35208e-13 2.50568e-31
3.39 1.38013e-13 2.61231e-31
3.4 1.40816e-13 2.72339e-31
3.41 1.43617e-13 2.83907e-31
3.42 1.46631e-13 2.95966e-31
3.43 1.49644e-13 3.08532e-31
3.44 1.52654e-13 3.21619e-31
3.45 1.55663e-13 3.35244e-31
3.46 1.58884e-13 3.49442e-31
3.47 1.62103e-13 3.64232e-31
3.48 1.65319e-13 3.7963e-31
3.49 1.68747e-13 3.95677e-31
3.5 1.71958e-13 4.12371e-31
3.51 1.75594e-13 4.29774e-31
3.52 1.79014e-13 4.47886e-31
3.53 1.82644e-13 4.6675e-31
3.54 1.86271e-13 4.8639e-31
3.55 1.90109e-13 5.06852e-31
3.56 1.93943e-13 5.28161e-31
3.57 1.97773e-13 5.50343e-31
3.58 2.01813e-13 5.73448e-31
3.59 2.05848e-13 5.97504e-31
3.6 2.09879e-13 6.22541e-31
3.61 2.14119e-13 6.48613e-31
3.62 2.18355e-13 6.75751e-31
3.63 2.22798e-13 7.04015e-31
3.64 2.27236e-13 7.33438e-31
3.65 2.31669e-13 7.64055e-31
3.66 2.36309e-13 7.95931e-31
3.67 2.40943e-13 8.29102e-31
3.68 2.45783e-13 8.63637e-31
3.69 2.50617e-13 8.99577e-31
3.7 2.55657e-13 9.36995e-31
3.71 2.6069e-13 9.75935e-31
3.72 2.65928e-13 1.01647e-30
3.73 2.71158e-13 1.05866e-30
3.74 2.76593e-13 1.10257e-30
3.75 2.82018e-13 1.14827e-30
3.76 2.87648e-13 1.19583e-30
3.77 2.93268e-13 1.24532e-30
3.78 2.9909e-13 1.29682e-30
3.79 3.04903e-13 1.35039e-30
3.8 3.10917e-13 1.40614e-30
3.81 3.17132e-13 1.46417e-30
3.82 3.23336e-13 1.52454e-30
3.83 3.2974e-13 1.58736e-30
3.84 3.36131e-13 1.6527e-30
3.85 3.42722e-13 1.72068e-30
3.86 3.49511e-13 1.79142e-30
3.87 3.56286e-13 1.865e-30
3.88 3.63258e-13 1.94154e-30
3.89 3.70215e-13 2.02113e-30
3.9 3.77579e-13 2.10395e-30
3.91 3.84927e-13 2.1901e-30
3.92 3.9247e-13 2.27971e-30
3.93 3.99995e-13 2.37289e-30
3.94 4.07924e-13 2.46984e-30
3.95 4.15834e-13 2.57066e-30
3.96 4.23935e-13 2.67553e-30
3.97 4.32017e-13 2.78455e-30
3.98 4.40499e-13 2.89796e-30
3.99 4.48959e-13 3.01587e-30
4 4.57607e-13 3.13847e-30
4.01 4.66442e-13 3.26596e-30
4.02 4.75463e-13 3.39852e-30
4.03 4.84669e-13 3.53636e-30
4.04 4.94059e-13 3.67969e-30
4.05 5.03632e-13 3.82873e-30
4.06 5.13178e-13 3.98364e-30
4.07 5.23114e-13 4.14471e-30
4.08 5.33229e-13 4.31218e-30
4.09 5.43315e-13 4.48623e-30
4.1 5.53787e-13 4.66718e-30
4.11 5.64434e-13 4.85529e-30
4.12 5.75257e-13 5.05083e-30
4.13 5.86253e-13 5.25407e-30
4.14 5.97422e-13 5.46532e-30
4.15 6.08763e-13 5.68485e-30
4.16 6.20479e-13 5.91306e-30
4.17 6.32364e-13 6.15027e-30
4.18 6.4421e-13 6.39671e-30
4.19 6.56634e-13 6.65288e-30
4.2 6.69016e-13 6.91906e-30
4.21 6.81766e-13 7.19569e-30
4.22 6.94676e-13 7.48313e-30
4.23 7.07747e-13 7.78176e-30
4.24 7.2118e-13 8.09208e-30
4.25 7.34768e-13 8.41448e-30
4.26 7.48716e-13 8.74948e-30
4.27 7.62816e-13 9.09751e-30
4.28 7.7727e-13 9.45912e-30
4.29 7.91873e-13 9.83477e-30
4.3 8.06624e-13 1.02249e-29
4.31 8.21925e-13 1.06303e-29
4.32 8.37369e-13 1.10514e-29
4.33 8.52953e-13 1.14888e-29
4.34 8.69081e-13 1.19431e-29
4.35 8.85144e-13 1.24149e-29
4.36 9.01745e-13 1.29049e-29
4.37 9.18678e-13 1.34139e-29
4.38 9.35742e-13 1.39425e-29
4.39 9.53134e-13 1.44914e-29
4.4 9.70851e-13 1.50614e-29
4.41 9.89091e-13 1.56534e-29
4.42 1.00745e-12 1.62681e-29
4.43 1.02613e-12 1.69064e-29
4.44 1.04512e-12 1.75692e-29
4.45 1.06442e-12 1.82572e-29
4.46 1.08403e-12 1.89716e-29
4.47 1.10414e-12 1.97132e-29
4.48 1.12455e-12 2.04832e-29
4.49 1.14526e-12 2.12826e-29
4.5 1.16626e-12 2.21123e-29
4.51 1.18776e-12 2.29736e-29
4.52 1.20954e-12 2.38677e-29
4.53 1.2318e-12 2.47957e-29
4.54 1.25434e-12 2.57589e-29
4.55 1.27735e-12 2.67586e-29
4.56 1.30063e-12 2.77961e-29
4.57 1.32437e-12 2.88728e-29
4.58 1.34858e-12 2.99902e-29
4.59 1.37324e-12 3.11499e-29
4.6 1.39815e-12 3.23532e-29
4.61 1.42351e-12 3.36017e-29
4.62 1.4495e-12 3.48973e-29
4.63 1.47573e-12 3.62416e-29
4.64 1.50239e-12 3.76362e-29
4.65 1.52967e-12 3.90832e-29
4.66 1.55718e-12 4.05843e-29
4.67 1.58529e-12 4.21415e-29
4.68 1.614e-12 4.3757e-29
4.69 1.64292e-12 4.54327e-29
4.7 1.67243e-12 4.71708e-29
4.71 1.70252e-12 4.89738e-29
4.72 1.73299e-12 5.08437e-29
4.73 1.76404e-12 5.2783e-29
4.74 1.79564e-12 5.47944e-29
4.75 1.8278e-12 5.68805e-29
4.76 1.86031e-12 5.90437e-29
4.77 1.89355e-12 6.1287e-29
4.78 1.92714e-12 6.3613e-29
4.79 1.96145e-12 6.60249e-29
4.8 1.99626e-12 6.85257e-29
4.81 2.03159e-12 7.11185e-29
4.82 2.06761e-12 7.38067e-29
4.83 2.10412e-12 7.65936e-29
4.84 2.1413e-12 7.94827e-29
4.85 2.17896e-12 8.24775e-29
4.86 2.21727e-12 8.55819e-29
4.87 2.25622e-12 8.87996e-29
4.88 2.29581e-12 9.21348e-29
4.89 2.33602e-12 9.55915e-29
4.9 2.37703e-12 9.91742e-29
4.91 2.41846e-12 1.02887e-28
4.92 2.46066e-12 1.06735e-28
4.93 2.50363e-12 1.10722e-28
4.94 2.54718e-12 1.14854e-28
4.95 2.59146e-12 1.19135e-28
4.96 2.6363e-12 1.2357e-28
4.97 2.68203e-12 1.28166e-28
4.98 2.7283e-12 1.32927e-28
4.99 2.77543e-12 1.3786e-28
5 2.82325e-12 1.42969e-28
5.01 2.87191e-12 1.48262e-28
5.02 2.92123e-12 1.53745e-28
5.03 2.97137e-12 1.59424e-28
5.04 3.02231e-12 1.65306e-28
5.05 3.07387e-12 1.71398e-28
5.06 3.12638e-12 1.77706e-28
5.07 3.17965e-12 1.84239e-28
5.08 3.23384e-12 1.91005e-28
5.09 3.28876e-12 1.9801e-28
5.1 3.34457e-12 2.05264e-28
5.11 3.40108e-12 2.12774e-28
5.12 3.45861e-12 2.2055e-28
5.13 3.51698e-12 2.28599e-28
5.14 3.57617e-12 2.36933e-28
5.15 3.63632e-12 2.45559e-28
5.16 3.69743e-12 2.54489e-28
5.17 3.75931e-12 2.63731e-28
5.18 3.82227e-12 2.73297e-28
5.19 3.88595e-12 2.83198e-28
5.2 3.95068e-12 2.93443e-28
5.21 4.01642e-12 3.04046e-28
5.22 4.08317e-12 3.15018e-28
5.23 4.15072e-12 3.26371e-28
5.24 4.21939e-12 3.38118e-28
5.25 4.289e-12 3.50271e-28
5.26 4.35967e-12 3.62845e-28
5.27 4.43139e-12 3.75852e-28
5.28 4.50398e-12 3.89308e-28
5.29 4.57772e-12 4.03226e-28
5.3 4.65259e-12 4.17622e-28
5.31 4.72842e-12 4.32511e-28
5.32 4.80532e-12 4.4791e-28
5.33 4.88343e-12 4.63835e-28
5.34 4.96257e-12 4.80304e-28
5.35 5.0427e-12 4.97332e-28
5.36 5.12411e-12 5.14939e-28
5.37 5.20662e-12 5.33144e-28
5.38 5.29019e-12 5.51964e-28
5.39 5.3751e-12 5.71421e-28
5.4 5.46102e-12 5.91534e-28
5.41 5.54821e-12 6.12324e-28
5.42 5.63648e-12 6.33813e-28
5.43 5.72597e-12 6.56023e-28
5.44 5.81663e-12 6.78975e-28
5.45 5.90857e-12 7.02695e-28
5.46 6.00176e-12 7.27206e-28
5.47 6.09617e-12 7.52532e-28
5.48 6.19189e-12 7.787e-28
5.49 6.28876e-12 8.05735e-28
5.5 6.38701e-12 8.33664e-28
5.51 6.48646e-12 8.62516e-28
5.52 6.58722e-12 8.92317e-28
5.53 6.68924e-12 9.23099e-28
5.54 6.79262e-12 9.5489e-28
5.55 6.89718e-12 9.87721e-28
5.56 7.00315e-12 1.02162e-27
5.57 7.11049e-12 1.05663e-27
5.58 7.21915e-12 1.09278e-27
5.59 7.32922e-12 1.1301e-27
5.6 7.44065e-12 1.16863e-27
5.61 7.55339e-12 1.2084e-27
5.62 7.66738e-12 1.24945e-27
5.63 7.783e-12 1.29183e-27
5.64 7.89976e-12 1.33556e-27
5.65 8.01803e-12 1.38069e-27
5.66 8.13774e-12 1.42726e-27
5.67 8.25885e-12 1.47532e-27
5.68 8.38128e-12 1.5249e-27
5.69 8.50524e-12 1.57605e-27
5.7 8.63054e-12 1.62882e-27
5.71 8.75738e-12 1.68325e-27
5.72 8.88557e-12 1.73939e-27
5.73 9.01515e-12 1.79729e-27
5.74 9.14621e-12 1.857e-27
5.75 9.27866e-12 1.91858e-27
5.76 9.41256e-12 1.98207e-27
5.77 9.54798e-12 2.04753e-27
5.78 9.68482e-12 2.11501e-27
5.79 9.82303e-12 2.18457e-27
5.8 9.96276e-12 2.25628e-27
5.81 1.01039e-11 2.33018e-27
5.82 1.02465e-11 2.40634e-27
5.83 1.03905e-11 2.48482e-27
5.84 1.0536e-11 2.56569e-27
5.85 1.06829e-11 2.649e-27
5.86 1.08312e-11 2.73483e-27
5.87 1.09809e-11 2.82325e-27
5.88 1.1132e-11 2.91432e-27
5.89 1.12846e-11 3.00811e-27
5.9 1.14385e-11 3.10469e-27
5.91 1.15939e-11 3.20415e-27
5.92 1.17507e-11 3.30655e-27
5.93 1.19088e-11 3.41197e-27
5.94 1.20682e-11 3.52049e-27
5.95 1.2229e-11 3.63219e-27
5.96 1.23912e-11 3.74715e-27
5.97 1.25546e-11 3.86545e-27
5.98 1.27194e-11 3.98718e-27
5.99 1.28854e-11 4.11243e-27
6 1.30527e-11 4.24127e-27
6.01 1.32213e-11 4.37381e-27
6.02 1.3391e-11 4.51012e-27
6.03 1.3562e-11 4.65031e-27
6.04 1.37342e-11 4.79446e-27
6.05 1.39075e-11 4.94268e-27
6.06 1.4082e-11 5.09505e-27
6.07 1.42575e-11 5.25168e-27
6.08 1.44341e-11 5.41266e-27
6.09 1.46117e-11 5.5781e-27
6.1 1.47904e-11 5.7481e-27
6.11 1.49699e-11 5.92276e-27
6.12 1.51505e-11 6.10219e-27
6.13 1.53318e-11 6.2865e-27
6.14 1.55141e-11 6.47578e-27
6.15 1.56972e-11 6.67016e-27
6.16 1.58809e-11 6.86974e-27
6.17 1.60654e-11 7.07462e-27
6.18 1.62506e-11 7.28494e-27
6.19 1.64364e-11 7.50079e-27
6.2 1.66228e-11 7.72229e-27
6.21 1.68096e-11 7.94957e-27
6.22 1.69968e-11 8.18272e-27
6.23 1.71845e-11 8.42187e-27
6.24 1.73724e-11 8.66714e-27
6.25 1.75606e-11 8.91865e-27
6.26 1.77488e-11 9.17651e-27
6.27 1.79373e-11 9.44083e-27
6.28 1.81257e-11 9.71175e-27
6.29 1.83141e-11 9.98938e-27
6.3 1.85024e-11 1.02738e-26
6.31 1.86904e-11 1.05652e-26
6.32 1.88781e-11 1.08637e-26
6.33 1.90654e-11 1.11693e-26
6.34 1.92521e-11 1.14823e-26
6.35 1.94382e-11 1.18026e-26
6.36 1.96237e-11 1.21305e-26
6.37 1.98083e-11 1.2466e-26
6.38 1.9992e-11 1.28093e-26
6.39 2.01745e-11 1.31604e-26
6.4 2.0356e-11 1.35195e-26
6.41 2.05361e-11 1.38867e-26
6.42 2.07148e-11 1.4262e-26
6.43 2.0892e-11 1.46457e-26
6.44 2.10674e-11 1.50377e-26
6.45 2.1241e-11 1.54381e-26
6.46 2.14126e-11 1.58472e-26
6.47 2.1582e-11 1.62649e-26
6.48 2.17492e-11 1.66913e-26
6.49 2.19138e-11 1.71265e-26
6.5 2.20757e-11 1.75706e-26
6.51 2.22349e-11 1.80237e-26
6.52 2.23911e-11 1.84858e-26
6.53 2.2544e-11 1.89569e-26
6.54 2.26936e-11 1.94372e-26
6.55 2.28396e-11 1.99266e-26
6.56 2.29817e-11 2.04251e-26
6.57 2.31199e-11 2.0933e-26
6.58 2.32537e-11 2.145e-26
6.59 2.33832e-11 2.19763e-26
6.6 2.35079e-11 2.25118e-26
6.61 2.36276e-11 2.30565e-26
6.62 2.37422e-11 2.36104e-26
6.63 2.38512e-11 2.41735e-26
6.64 2.39546e-11 2.47457e-26
6.65 2.4052e-11 2.5327e-26
6.66 2.41429e-11 2.59173e-26
6.67 2.42274e-11 2.65164e-26
6.68 2.43049e-11 2.71244e-26
6.69 2.43753e-11 2.7741e-26
6.7 2.44381e-11 2.83662e-26
6.71 2.4493e-11 2.89998e-26
6.72 2.45397e-11 2.96416e-26
6.73 2.45778e-11 3.02914e-26
6.74 2.4607e-11 3.09491e-26
6.75 2.46269e-11 3.16144e-26
6.76 2.46371e-11 3.2287e-26
6.77 2.46372e-11 3.29667e-26
6.78 2.46269e-11 3.36533e-26
6.79 2.46055e-11 3.43462e-26
6.8 2.45729e-11 3.50453e-26
6.81 2.45284e-11 3.57502e-26
6.82 2.44717e-11 3.64604e-26
6.83 2.44022e-11 3.71756e-26
6.84 2.43195e-11 3.78952e-26
6.85 2.42231e-11 3.86189e-26
6.86 2.41124e-11 3.93461e-26
6.87 2.39869e-11 4.00761e-26
6.88 2.38461e-11 4.08086e-26
6.89 2.36894e-11 4.15428e-26
6.9 2.35163e-11 4.22782e-26
6.91 2.33261e-11 4.30139e-26
6.92 2.31182e-11 4.37494e-26
6.93 2.2892e-11 4.44838e-26
6.94 2.26469e-11 4.52163e-26
6.95 2.23821e-11 4.59462e-26
6.96 2.20971e-11 4.66725e-26
6.97 2.1791e-11 4.73943e-26
6.98 2.14633e-11 4.81107e-26
6.99 2.1113e-11 4.88206e-26
7 2.07396e-11 4.95231e-26
7.01 2.03421e-11 5.02169e-26
7.02 1.99199e-11 5.09011e-26
7.03 1.94719e-11 5.15743e-26
7.04 1.89975e-11 5.22353e-26
7.05 1.84957e-11 5.2883e-26
7.06 1.79657e-11 5.35159e-26
7.07 1.74065e-11 5.41327e-26
7.08 1.68171e-11 5.4732e-26
7.09 1.61966e-11 5.53123e-26
7.1 1.55441e-11 5.58721e-26
7.11 1.48584e-11 5.64098e-26
7.12 1.41386e-11 5.69239e-26
7.13 1.33834e-11 5.74127e-26
7.14 1.2592e-11 5.78744e-26
7.15 1.1763e-11 5.83075e-26
7.16 1.08954e-11 5.871e-26
7.17 9.98786e-12 5.90802e-26
7.18 9.03926e-12 5.94163e-26
7.19 8.04829e-12 5.97163e-26
7.2 7.01366e-12 5.99784e-26
7.21 5.93405e-12 6.02006e-26
7.22 4.80809e-12 6.03809e-26
7.23 3.63438e-12 6.05174e-26
7.24 2.41148e-12 6.0608e-26
7.25 1.13791e-12 6.06508e-26
7.26 1.87824e-13 6.06438e-26
7.27 1.56728e-12 6.05848e-26
7.28 3.00206e-12 6.0472e-26
7.29 4.49378e-12 6.03033e-26
7.3 6.04412e-12 6.00768e-26
7.31 7.6548e-12 5.97906e-26
7.32 9.32757e-12 5.94427e-26
7.33 1.10642e-11 5.90314e-26
7.34 1.28667e-11 5.85549e-26
7.35 1.47367e-11 5.80115e-26
7.36 1.66764e-11 5.73996e-26
7.37 1.86877e-11 5.67178e-26
7.38 2.07725e-11 5.59647e-26
7.39 2.29332e-11 5.51391e-26
7.4 2.51717e-11 5.424e-26
7.41 2.74902e-11 5.32665e-26
7.42 2.98912e-11 5.2218e-26
7.43 3.23767e-11 5.10941e-26
7.44 3.49493e-11 4.98946e-26
7.45 3.76114e-11 4.86196e-26
7.46 4.03654e-11 4.72696e-26
7.47 4.32139e-11 4.58455e-26
7.48 4.61595e-11 4.43483e-26
7.49 4.92049e-11 4.27797e-26
7.5 5.23528e-11 4.11418e-26
7.51 5.56061e-11 3.94371e-26
7.52 5.89677e-11 3.76687e-26
7.53 6.24404e-11 3.58405e-26
7.54 6.60273e-11 3.39566e-26
7.55 6.97316e-11 3.20223e-26
7.56 7.35564e-11 3.00434e-26
7.57 7.75048e-11 2.80265e-26
7.58 8.15804e-11 2.59793e-26
7.59 8.57864e-11 2.39103e-26
7.6 9.01264e-11 2.1829e-26
7.61 9.46039e-11 1.97463e-26
7.62 9.92227e-11 1.76741e-26
7.63 1.03986e-10 1.56256e-26
7.64 1.08899e-10 1.36156e-26
7.65 1.13964e-10 1.16602e-26
7.66 1.19186e-10 9.77727e-27
7.67 1.24569e-10 7.98641e-27
7.68 1.30117e-10 6.30907e-27
7.69 1.35835e-10 4.76872e-27
7.7 1.41726e-10 3.391e-27
7.71 1.47796e-10 2.20384e-27
7.72 1.54049e-10 1.23766e-27
7.73 1.60489e-10 5.25503e-28
7.74 1.67122e-10 1.0324e-28
7.75 1.73953e-10 9.76009e-30
7.76 1.80986e-10 2.87169e-28
7.77 1.88228e-10 9.81008e-28
7.78 1.95682e-10 2.14048e-27
7.79 2.03356e-10 3.8187e-27
7.8 2.11253e-10 6.07294e-27
7.81 2.19381e-10 8.96491e-27
7.82 2.27744e-10 1.2561e-26
7.83 2.36349e-10 1.69328e-26
7.84 2.45202e-10 2.2157e-26
7.85 2.5431e-10 2.83161e-26
7.86 2.63677e-10 3.54987e-26
7.87 2.73312e-10 4.37997e-26
7.88 2.83221e-10 5.3321e-26
7.89 2.93411e-10 6.41717e-26
7.9 3.03888e-10 7.64685e-26
7.91 3.14661e-10 9.03363e-26
7.92 3.25735e-10 1.05909e-25
7.93 3.3712e-10 1.23329e-25
7.94 3.48822e-10 1.42749e-25
7.95 3.60849e-10 1.64333e-25
7.96 3.73209e-10 1.88254e-25
7.97 3.85912e-10 2.14697e-25
7.98 3.98964e-10 2.43861e-25
7.99 4.12374e-10 2.75957e-25
8 4.26153e-10 3.1121e-25
8.01 4.40307e-10 3.49858e-25
8.02 4.54847e-10 3.92157e-25
8.03 4.69782e-10 4.38379e-25
8.04 4.85122e-10 4.88812e-25
8.05 5.00876e-10 5.43763e-25
8.06 5.17054e-10 6.03559e-25
8.07 5.33668e-10 6.68546e-25
8.08 5.50726e-10 7.39094e-25
8.09 5.68241e-10 8.15594e-25
8.1 5.86222e-10 8.98461e-25
8.11 6.04682e-10 9.88139e-25
8.12 6.23631e-10 1.08509e-24
8.13 6.43082e-10 1.18982e-24
8.14 6.63046e-10 1.30286e-24
8.15 6.83536e-10 1.42475e-24
8.16 7.04564e-10 1.5561e-24
8.17 7.26142e-10 1.69753e-24
8.18 1.57502e-08 1.00095e-26
8.19 1.58252e-08 1.22883e-24
8.2 1.59001e-08 5.3955e-24
8.21 1.59751e-08 1.25517e-23
8.22 1.605e-08 2.27394e-23
8.23 1.61249e-08 3.60005e-23
8.24 1.61997e-08 5.23772e-23
8.25 1.62744e-08 7.19119e-23
8.26 1.63491e-08 9.4647e-23
8.27 1.64236e-08 1.20625e-22
8.28 1.64981e-08 1.49889e-22
8.29 1.65724e-08 1.82481e-22
8.3 1.66466e-08 2.18444e-22
8.31 1.67207e-08 2.57821e-22
8.32 1.67946e-08 3.00656e-22
8.33 1.68684e-08 3.4699e-22
8.34 1.69419e-08 3.96867e-22
8.35 1.70152e-08 4.5033e-22
8.36 1.70884e-08 5.07421e-22
8.37 1.71612e-08 5.68184e-22
8.38 1.72339e-08 6.32662e-22
8.39 1.73062e-08 7.00897e-22
8.4 1.73783e-08 7.72931e-22
8.41 1.74501e-08 8.48808e-22
8.42 1.75216e-08 9.28569e-22
8.43 1.75927e-08 1.01226e-21
8.44 1.76634e-08 1.09991e-21
8.45 1.77338e-08 1.19158e-21
8.46 1.78038e-08 1.2873e-21
8.47 1.78734e-08 1.38711e-21
8.48 1.79425e-08 1.49106e-21
8.49 1.80112e-08 1.59918e-21
8.5 1.80794e-08 1.71152e-21
8.51 1.81471e-08 1.82811e-21
8.52 1.82142e-08 1.94899e-21
8.53 1.82808e-08 2.07421e-21
8.54 1.83469e-08 2.2038e-21
8.55 1.84123e-08 2.3378e-21
8.56 1.84771e-08 2.47625e-21
8.57 1.85413e-08 2.61918e-21
8.58 1.86048e-08 2.76663e-21
8.59 1.86675e-08 2.91863e-21
8.6 1.87296e-08 3.07523e-21
8.61 1.87909e-08 3.23645e-21
8.62 1.88514e-08 3.40233e-21
8.63 1.89111e-08 3.5729e-21
8.64 1.89699e-08 3.74819e-21
8.65 1.90279e-08 3.92824e-21
8.66 1.9085e-08 4.11307e-21
8.67 1.91411e-08 4.3027e-21
8.68 1.91962e-08 4.49718e-21
8.69 1.92504e-08 4.69652e-21
8.7 1.93035e-08 4.90075e-21
8.71 1.93555e-08 5.1099e-21
8.72 1.94064e-08 5.32398e-21
8.73 1.94561e-08 5.54302e-21
8.74 1.95047e-08 5.76705e-21
8.75 1.95521e-08 5.99607e-21
8.76 1.95981e-08 6.2301e-21
8.77 1.96429e-08 6.46916e-21
8.78 1.96863e-08 6.71327e-21
8.79 1.97284e-08 6.96244e-21
8.8 1.9769e-08 7.21667e-21
8.81 1.98081e-08 7.47598e-21
8.82 1.98457e-08 7.74036e-21
8.83 1.98818e-08 8.00984e-21
8.84 1.99162e-08 8.28441e-21
8.85 1.9949e-08 8.56406e-21
8.86 1.998e-08 8.84881e-21
8.87 2.00093e-08 9.13864e-21
8.88 2.00368e-08 9.43354e-21
8.89 2.00624e-08 9.73352e-21
8.9 2.00862e-08 1.00386e-20
8.91 2.01079e-08 1.03486e-20
8.92 2.01276e-08 1.06637e-20
8.93 2.01453e-08 1.09839e-20
8.94 2.01608e-08 1.1309e-20
8.95 2.01741e-08 1.1639e-20
8.96 2.01852e-08 1.1974e-20
8.97 2.01939e-08 1.23139e-20
8.98 2.02002e-08 1.26587e-20
8.99 2.02042e-08 1.30082e-20
9 2.02056e-08 1.33626e-20
9.01 2.02044e-08 1.37217e-20
9.02 2.02006e-08 1.40855e-20
9.03 2.0194e-08 1.4454e-20
9.04 2.01847e-08 1.4827e-20
9.05 2.01725e-08 1.52046e-20
9.06 2.01574e-08 1.55866e-20
9.07 2.01393e-08 1.5973e-20
9.08 2.01181e-08 1.63637e-20
9.09 2.00937e-08 1.67587e-20
9.1 2.00661e-08 1.71578e-20
9.11 2.00352e-08 1.7561e-20
9.12 2.00009e-08 1.79681e-20
9.13 1.99631e-08 1.83792e-20
9.14 1.99217e-08 1.8794e-20
9.15 1.98766e-08 1.92125e-20
9.16 1.98278e-08 1.96346e-20
9.17 1.97751e-08 2.00601e-20
9.18 1.97185e-08 2.0489e-20
9.19 1.96579e-08 2.0921e-20
9.2 1.95931e-08 2.13561e-20
9.21 1.95241e-08 2.17941e-20
9.22 1.94507e-08 2.22349e-20
9.23 1.93729e-08 2.26783e-20
9.24 1.92906e-08 2.31242e-20
9.25 1.92036e-08 2.35724e-20
9.26 1.91118e-08 2.40227e-20
9.27 1.90152e-08 2.4475e-20
9.28 1.89136e-08 2.4929e-20
9.29 1.88069e-08 2.53846e-20
9.3 1.86949e-08 2.58416e-20
9.31 1.85777e-08 2.62998e-20
9.32 1.84549e-08 2.67589e-20
9.33 1.83266e-08 2.72188e-20
9.34 1.81925e-08 2.76791e-20
9.35 1.80526e-08 2.81398e-20
9.36 1.79067e-08 2.86005e-20
9.37 1.77547e-08 2.90609e-20
9.38 1.75965e-08 2.95209e-20
9.39 1.74318e-08 2.99801e-20
9.4 1.72606e-08 3.04384e-20
9.41 1.70828e-08 3.08953e-20
9.42 1.68981e-08 3.13506e-20
9.43 1.67064e-08 3.18041e-20
9.44 1.65075e-08 3.22553e-20
9.45 1.63014e-08 3.2704e-20
9.46 1.60878e-08 3.31499e-20
9.47 1.58666e-08 3.35926e-20
9.48 1.56376e-08 3.40318e-20
9.49 1.54007e-08 3.44672e-20
9.5 1.51556e-08 3.48983e-20
9.51 1.49022e-08 3.53248e-20
9.52 1.46404e-08 3.57463e-20
9.53 1.43699e-08 3.61625e-20
9.54 1.40905e-08 3.65729e-20
9.55 1.38021e-08 3.69772e-20
9.56 1.35045e-08 3.73749e-20
9.57 1.31974e-08 3.77656e-20
9.58 1.28807e-08 3.81489e-20
9.59 1.25542e-08 3.85244e-20
9.6 1.22177e-08 3.88915e-20
9.61 1.18709e-08 3.92499e-20
9.62 1.15136e-08 3.95991e-20
9.63 1.11457e-08 3.99386e-20
9.64 1.07669e-08 4.02679e-20
9.65 1.03769e-08 4.05866e-20
9.66 9.97559e-09 4.08941e-20
9.67 9.56268e-09 4.119e-20
9.68 9.13795e-09 4.14738e-20
9.69 8.70115e-09 4.17449e-20
9.7 8.25202e-09 4.20028e-20
9.71 7.79033e-09 4.2247e-20
9.72 7.31581e-09 4.2477e-20
9.73 6.82821e-09 4.26922e-20
9.74 6.32726e-09 4.28921e-20
9.75 5.81268e-09 4.30762e-20
9.76 5.28422e-09 4.32439e-20
9.77 4.74157e-09 4.33946e-20
9.78 4.18448e-09 4.35279e-20
9.79 3.61264e-09 4.36431e-20
9.8 3.02575e-09 4.37397e-20
9.81 2.42354e-09 4.38171e-20
9.82 1.80568e-09 4.38749e-20
9.83 1.17186e-09 4.39124e-20
9.84 5.21788e-10 4.39291e-20
9.85 1.44874e-10 4.39244e-20
9.86 8.28445e-10 4.38979e-20
9.87 1.52926e-09 4.3849e-20
9.88 2.24765e-09 4.37771e-20
9.89 2.98396e-09 4.36818e-20
9.9 3.73853e-09 4.35626e-20
9.91 4.51173e-09 4.34189e-20
9.92 5.30391e-09 4.32502e-20
9.93 6.11543e-09 4.30562e-20
9.94 6.94667e-09 4.28363e-20
9.95 7.798e-09 4.25901e-20
9.96 8.66982e-09 4.23173e-20
9.97 9.5625e-09 4.20174e-20
9.98 1.04765e-08 4.169e-20
9.99 1.14121e-08 4.13348e-20
10 1.23698e-08 4.09516e-20
10.01 1.335e-08 4.054e-20
10.02 1.43531e-08 4.00998e-20
10.03 1.53796e-08 3.96308e-20
10.04 1.64298e-08 3.91328e-20
10.05 1.75043e-08 3.86057e-20
10.06 1.86035e-08 3.80494e-20
10.07 1.97278e-08 3.74639e-20
10.08 2.08778e-08 3.68492e-20
10.09 2.20538e-08 3.62054e-20
10.1 2.32564e-08 3.55327e-20
10.11 2.4486e-08 3.48312e-20
10.12 2.57432e-08 3.41012e-20
10.13 2.70284e-08 3.33431e-20
10.14 2.83422e-08 3.25573e-20
10.15 2.96851e-08 3.17443e-20
10.16 3.10576e-08 3.09048e-20
10.17 3.24603e-08 3.00393e-20
10.18 3.38936e-08 2.91487e-20
10.19 3.53582e-08 2.8234e-20
10.2 3.68547e-08 2.7296e-20
10.21 3.83835e-08 2.6336e-20
10.22 3.99452e-08 2.53552e-20
10.23 4.15405e-08 2.43549e-20
10.24 4.317e-08 2.33368e-20
10.25 4.48342e-08 2.23024e-20
10.26 4.65338e-08 2.12536e-20
10.27 4.82694e-08 2.01923e-20
10.28 5.00416e-08 1.91208e-20
10.29 5.1851e-08 1.80414e-20
10.3 5.36984e-08 1.69565e-20
10.31 5.55844e-08 1.5869e-20
10.32 5.75096e-08 1.47817e-20
10.33 5.94748e-08 1.36979e-20
10.34 6.14806e-08 1.26209e-20
10.35 6.35277e-08 1.15544e-20
10.36 6.56169e-08 1.05021e-20
10.37 6.77488e-08 9.46846e-21
10.38 6.99242e-08 8.45772e-21
10.39 7.21439e-08 7.47468e-21
10.4 7.44085e-08 6.52438e-21
10.41 7.6719e-08 5.6122e-21
10.42 7.90759e-08 4.74385e-21
10.43 8.14802e-08 3.92539e-21
10.44 8.39326e-08 3.16327e-21
10.45 8.64339e-08 2.46433e-21
10.46 8.89849e-08 1.8358e-21
10.47 9.15865e-08 1.28535e-21
10.48 9.42395e-08 8.2109e-22
10.49 9.69448e-08 4.51604e-22
10.5 9.97033e-08 1.85957e-22
10.51 1.02516e-07 3.37268e-23
10.52 1.05383e-07 5.02049e-24
10.53 1.08306e-07 1.10502e-22
10.54 1.11286e-07 3.61415e-22
10.55 1.14323e-07 7.69609e-22
10.56 1.17419e-07 1.34756e-21
10.57 1.20575e-07 2.10842e-21
10.58 1.23791e-07 3.066e-21
10.59 1.27068e-07 4.23484e-21
10.6 1.30408e-07 5.63025e-21
10.61 1.33812e-07 7.26828e-21
10.62 1.37279e-07 9.16581e-21
10.63 1.40813e-07 1.13406e-20
10.64 1.44412e-07 1.38112e-20
10.65 1.4808e-07 1.65971e-20
10.66 1.51815e-07 1.97189e-20
10.67 1.55621e-07 2.3198e-20
10.68 1.59497e-07 2.70568e-20
10.69 1.63445e-07 3.13191e-20
10.7 1.67467e-07 3.60094e-20
10.71 1.71562e-07 4.11536e-20
10.72 1.75732e-07 4.67789e-20
10.73 1.79979e-07 5.29135e-20
10.74 1.84304e-07 5.95871e-20
10.75 1.88707e-07 6.68306e-20
10.76 1.9319e-07 7.46766e-20
10.77 1.97754e-07 8.31588e-20
10.78 2.02401e-07 9.23127e-20
10.79 2.07131e-07 1.02175e-19
10.8 2.11946e-07 1.12785e-19
10.81 2.16847e-07 1.24183e-19
10.82 2.21836e-07 1.3641e-19
10.83 2.26913e-07 1.49511e-19
10.84 2.3208e-07 1.63532e-19
10.85 2.37339e-07 1.7852e-19
10.86 2.4269e-07 1.94526e-19
10.87 2.48135e-07 2.11601e-19
10.88 2.53675e-07 2.29799e-19
10.89 2.59312e-07 2.49178e-19
10.9 2.65047e-07 2.69796e-19
10.91 2.70881e-07 2.91715e-19
10.92 2.76816e-07 3.14998e-19
10.93 2.82854e-07 3.39712e-19
10.94 2.88995e-07 3.65927e-19
10.95 2.95242e-07 3.93715e-19
10.96 3.01595e-07 4.2315e-19
10.97 3.08056e-07 4.54311e-19
10.98 3.14626e-07 4.87279e-19
10.99 3.21308e-07 5.2214e-19
11 3.28102e-07 5.5898e-19
11.01 3.35011e-07 5.97891e-19
11.02 3.42035e-07 6.38969e-19
11.03 3.49176e-07 6.82313e-19
11.04 3.56436e-07 7.28024e-19
11.05 3.63816e-07 7.7621e-19
11.06 3.71318e-07 8.26982e-19
11.07 3.78944e-07 8.80455e-19
11.08 3.86695e-07 9.36748e-19
11.09 3.94572e-07 9.95986e-19
11.1 4.02578e-07 1.0583e-18
11.11 4.10714e-07 1.12382e-18
11.12 4.18981e-07 1.19268e-18
11.13 4.27382e-07 1.26504e-18
11.14 4.35918e-07 1.34103e-18
11.15 4.4459e-07 1.42083e-18
11.16 4.53401e-07 1.50457e-18
11.17 4.62351e-07 1.59244e-18
11.18 4.71444e-07 1.68461e-18
11.19 4.8068e-07 1.78125e-18
11.2 4.90061e-07 1.88255e-18
11.21 4.99588e-07 1.9887e-18
11.22 5.09265e-07 2.09991e-18
11.23 5.19092e-07 2.21637e-18
11.24 5.29071e-07 2.33831e-18
11.25 5.39203e-07 2.46595e-18
11.26 5.49492e-07 2.59951e-18
11.27 5.59937e-07 2.73923e-18
11.28 5.70542e-07 2.88535e-18
11.29 5.81308e-07 3.03815e-18
11.3 5.92236e-07 3.19786e-18
11.31 6.03329e-07 3.36478e-18
11.32 6.14588e-07 3.53918e-18
11.33 6.26015e-07 3.72134e-18
11.34 6.37612e-07 3.91159e-18
11.35 6.49381e-07 4.11021e-18
11.36 6.61322e-07 4.31755e-18
11.37 6.73439e-07 4.53393e-18
11.38 6.85733e-07 4.75969e-18
11.39 6.98205e-07 4.9952e-18
11.4 7.10858e-07 5.24081e-18
11.41 7.23693e-07 5.49692e-18
11.42 7.36711e-07 5.76391e-18
11.43 7.49916e-07 6.04218e-18
11.44 7.63308e-07 6.33216e-18
11.45 7.76888e-07 6.63428e-18
11.46 7.9066e-07 6.94898e-18
11.47 8.04624e-07 7.27673e-18
11.48 8.18782e-07 7.618e-18
11.49 8.33137e-07 7.97328e-18
11.5 8.47688e-07 8.34307e-18
11.51 8.62439e-07 8.7279e-18
11.52 8.77391e-07 9.1283e-18
11.53 8.92546e-07 9.54484e-18
11.54 9.07904e-07 9.97807e-18
11.55 9.23468e-07 1.04286e-17
11.56 9.39239e-07 1.0897e-17
11.57 9.55218e-07 1.1384e-17
11.58 9.71408e-07 1.18901e-17
11.59 9.8781e-07 1.2416e-17
11.6 1.00442e-06 1.29625e-17
11.61 1.02125e-06 1.35302e-17
11.62 1.0383e-06 1.41198e-17
11.63 1.05556e-06 1.47322e-17
11.64 1.07304e-06 1.5368e-17
11.65 1.09074e-06 1.6028e-17
11.66 1.10866e-06 1.67131e-17
11.67 1.12681e-06 1.74241e-17
11.68 1.14517e-06 1.81619e-17
11.69 1.16377e-06 1.89273e-17
11.7 1.18258e-06 1.97213e-17
11.71 1.20163e-06 2.05448e-17
11.72 1.2209e-06 2.13987e-17
11.73 1.2404e-06 2.22841e-17
11.74 1.26013e-06 2.3202e-17
11.75 1.28008e-06 2.41533e-17
11.76 1.30027e-06 2.51392e-17
11.77 1.32069e-06 2.61608e-17
11.78 1.34135e-06 2.72192e-17
11.79 1.36223e-06 2.83156e-17
11.8 1.38335e-06 2.94511e-17
11.81 1.4047e-06 3.0627e-17
11.82 1.42628e-06 3.18444e-17
11.83 1.4481e-06 3.31048e-17
11.84 1.47015e-06 3.44094e-17
11.85 1.49244e-06 3.57596e-17
11.86 1.51496e-06 3.71567e-17
11.87 1.53771e-06 3.86022e-17
11.88 1.5607e-06 4.00975e-17
11.89 1.58392e-06 4.16441e-17
11.9 1.60737e-06 4.32435e-17
11.91 1.63105e-06 4.48972e-17
11.92 1.65497e-06 4.6607e-17
11.93 1.67911e-06 4.83743e-17
11.94 1.70349e-06 5.02009e-17
11.95 1.72809e-06 5.20885e-17
11.96 1.75292e-06 5.40388e-17
11.97 1.77798e-06 5.60535e-17
11.98 1.80326e-06 5.81346e-17
11.99 1.82876e-06 6.02839e-17
12 1.85449e-06 6.25032e-17
12.01 1.88043e-06 6.47945e-17
12.02 1.90659e-06 6.71599e-17
12.03 1.93296e-06 6.96012e-17
12.04 1.95955e-06 7.21206e-17
12.05 1.98635e-06 7.47201e-17
12.06 2.01335e-06 7.7402e-17
12.07 2.04056e-06 8.01684e-17
12.08 2.06797e-06 8.30214e-17
12.09 2.09557e-06 8.59635e-17
12.1 2.12337e-06 8.89968e-17
12.11 2.15136e-06 9.21237e-17
12.12 2.17953e-06 9.53467e-17
12.13 2.20789e-06 9.8668e-17
12.14 2.23642e-06 1.0209e-16
12.15 2.26513e-06 1.05616e-16
12.16 2.29401e-06 1.09248e-16
12.17 2.32304e-06 1.12988e-16
12.18 2.35224e-06 1.16839e-16
12.19 2.38158e-06 1.20804e-16
12.2 2.41107e-06 1.24886e-16
12.21 2.4407e-06 1.29086e-16
12.22 2.47046e-06 1.33409e-16
12.23 2.50035e-06 1.37857e-16
12.24 2.53036e-06 1.42432e-16
12.25 2.56048e-06 1.47138e-16
12.26 2.5907e-06 1.51977e-16
12.27 2.62101e-06 1.56952e-16
12.28 2.65141e-06 1.62067e-16
12.29 2.68189e-06 1.67323e-16
12.3 2.71244e-06 1.72725e-16
12.31 2.74305e-06 1.78276e-16
12.32 2.7737e-06 1.83977e-16
12.33 2.8044e-06 1.89833e-16
12.34 2.83512e-06 1.95846e-16
12.35 2.86586e-06 2.0202e-16
12.36 2.8966e-06 2.08357e-16
12.37 2.92734e-06 2.14861e-16
12.38 2.95805e-06 2.21535e-16
12.39 2.98874e-06 2.28382e-16
12.4 3.01938e-06 2.35405e-16
12.41 3.04996e-06 2.42606e-16
12.42 3.08046e-06 2.4999e-16
12.43 3.11088e-06 2.57559e-16
12.44 3.14119e-06 2.65317e-16
12.45 3.17138e-06 2.73266e-16
12.46 3.20143e-06 2.81409e-16
12.47 3.23133e-06 2.89749e-16
12.48 3.26105e-06 2.9829e-16
12.49 3.29059e-06 3.07033e-16
12.5 3.31992e-06 3.15983e-16
12.51 3.34902e-06 3.25141e-16
12.52 3.37787e-06 3.34511e-16
12.53 3.40645e-06 3.44095e-16
12.54 3.43474e-06 3.53896e-16
12.55 3.46272e-06 3.63915e-16
12.56 3.49037e-06 3.74156e-16
12.57 3.51765e-06 3.84621e-16
12.58 3.54455e-06 3.95312e-16
12.59 3.57104e-06 4.06231e-16
12.6 3.5971e-06 4.1738e-16
12.61 3.6227e-06 4.28762e-16
12.62 3.6478e-06 4.40376e-16
12.63 3.6724e-06 4.52226e-16
12.64 3.69644e-06 4.64312e-16
12.65 3.71991e-06 4.76636e-16
12.66 3.74278e-06 4.89198e-16
12.67 3.76501e-06 5.02e-16
12.68 3.78656e-06 5.15042e-16
12.69 3.80742e-06 5.28325e-16
12.7 3.82753e-06 5.41848e-16
12.71 3.84687e-06 5.55611e-16
12.72 3.8654e-06 5.69615e-16
12.73 3.88308e-06 5.83858e-16
12.74 3.89987e-06 5.9834e-16
12.75 3.91574e-06 6.1306e-16
12.76 3.93064e-06 6.28015e-16
12.77 3.94453e-06 6.43204e-16
12.78 3.95736e-06 6.58625e-16
12.79 3.9691e-06 6.74275e-16
12.8 3.9797e-06 6.90152e-16
12.81 3.98911e-06 7.06252e-16
12.82 3.99728e-06 7.2257e-16
12.83 4.00416e-06 7.39104e-16
12.84 4.00971e-06 7.55848e-16
12.85 4.01386e-06 7.72797e-16
12.86 4.01658e-06 7.89946e-16
12.87 4.01779e-06 8.07288e-16
12.88 4.01746e-06 8.24817e-16
12.89 4.01551e-06 8.42526e-16
12.9 4.01189e-06 8.60406e-16
12.91 4.00654e-06 8.7845e-16
12.92 3.9994e-06 8.96649e-16
12.93 3.9904e-06 9.14992e-16
12.94 3.97948e-06 9.33471e-16
12.95 3.96657e-06 9.52073e-16
12.96 3.9516e-06 9.70788e-16
12.97 3.9345e-06 9.89602e-16
12.98 3.9152e-06 1.0085e-15
12.99 3.89363e-06 1.02748e-15
13 3.8697e-06 1.04651e-15
13.01 3.84335e-06 1.06559e-15
13.02 3.81449e-06 1.08469e-15
13.03 3.78303e-06 1.10381e-15
13.04 3.74891e-06 1.12291e-15
13.05 3.71202e-06 1.14199e-15
13.06 3.67229e-06 1.16103e-15
13.07 3.62963e-06 1.17999e-15
13.08 3.58393e-06 1.19887e-15
13.09 3.53512e-06 1.21764e-15
13.1 3.48308e-06 1.23628e-15
13.11 3.42773e-06 1.25475e-15
13.12 3.36896e-06 1.27305e-15
13.13 3.30667e-06 1.29113e-15
13.14 3.24076e-06 1.30898e-15
13.15 3.17111e-06 1.32656e-15
13.16 3.09761e-06 1.34385e-15
13.17 3.02016e-06 1.36081e-15
13.18 2.93863e-06 1.37742e-15
13.19 2.85292e-06 1.39364e-15
13.2 2.76289e-06 1.40944e-15
13.21 2.66842e-06 1.42478e-15
13.22 2.56939e-06 1.43963e-15
13.23 2.46568e-06 1.45396e-15
13.24 2.35713e-06 1.46772e-15
13.25 2.24363e-06 1.48088e-15
13.26 2.12504e-06 1.49339e-15
13.27 2.0012e-06 1.50523e-15
13.28 1.87199e-06 1.51634e-15
13.29 1.73724e-06 1.52669e-15
13.3 1.59682e-06 1.53624e-15
13.31 1.45057e-06 1.54494e-15
13.32 1.29832e-06 1.55274e-15
13.33 1.13993e-06 1.55961e-15
13.34 9.75227e-07 1.5655e-15
13.35 8.04042e-07 1.57036e-15
13.36 6.26206e-07 1.57415e-15
13.37 4.41546e-07 1.57683e-15
13.38 2.49883e-07 1.57834e-15
13.39 5.1037e-08 1.57865e-15
13.4 1.55179e-07 1.57771e-15
13.41 3.68952e-07 1.57547e-15
13.42 5.90477e-07 1.5719e-15
13.43 8.1995e-07 1.56694e-15
13.44 1.05757e-06 1.56055e-15
13.45 1.30355e-06 1.55269e-15
13.46 1.55809e-06 1.54333e-15
13.47 1.8214e-06 1.53242e-15
13.48 2.09371e-06 1.51993e-15
13.49 2.37523e-06 1.50582e-15
13.5 2.6662e-06 1.49005e-15
13.51 2.96683e-06 1.47261e-15
13.52 3.27738e-06 1.45347e-15
13.53 3.59807e-06 1.43259e-15
13.54 3.92915e-06 1.40996e-15
13.55 4.27088e-06 1.38558e-15
13.56 4.62349e-06 1.35941e-15
13.57 4.98727e-06 1.33147e-15
13.58 5.36246e-06 1.30175e-15
13.59 5.74933e-06 1.27026e-15
13.6 6.14816e-06 1.23701e-15
13.61 6.55923e-06 1.20203e-15
13.62 6.98283e-06 1.16533e-15
13.63 7.41923e-06 1.12697e-15
13.64 7.86874e-06 1.08698e-15
13.65 8.33166e-06 1.04543e-15
13.66 8.80829e-06 1.00239e-15
13.67 9.29894e-06 9.57921e-16
13.68 9.80393e-06 9.12135e-16
13.69 1.03236e-05 8.65134e-16
13.7 1.08582e-05 8.17041e-16
13.71 1.14082e-05 7.67992e-16
13.72 1.19738e-05 7.18145e-16
13.73 1.25555e-05 6.67673e-16
13.74 1.31534e-05 6.16769e-16
13.75 1.37682e-05 5.65648e-16
13.76 1.44e-05 5.14547e-16
13.77 1.50492e-05 4.63727e-16
13.78 1.57163e-05 4.13474e-16
13.79 1.64016e-05 3.64103e-16
13.8 1.71055e-05 3.15955e-16
13.81 1.78284e-05 2.69406e-16
13.82 1.85707e-05 2.2486e-16
13.83 1.93327e-05 1.8276e-16
13.84 2.01151e-05 1.43585e-16
13.85 2.0918e-05 1.07852e-16
13.86 2.17421e-05 7.61211e-17
13.87 2.25876e-05 4.8996e-17
13.88 2.34552e-05 2.71279e-17
13.89 2.43451e-05 1.12172e-17
13.9 2.52578e-05 2.01714e-18
13.91 2.6194e-05 3.36603e-19
13.92 2.71539e-05 7.04329e-18
13.93 2.8138e-05 2.30671e-17
13.94 2.9147e-05 4.94038e-17
13.95 3.01812e-05 8.71185e-17
13.96 3.12411e-05 1.37349e-16
13.97 3.23274e-05 2.01312e-16
13.98 3.34404e-05 2.80305e-16
13.99 3.45807e-05 3.7571e-16
14 3.57488e-05 4.89001e-16
14.01 3.69453e-05 6.21749e-16
14.02 3.81707e-05 7.75623e-16
14.03 3.94256e-05 9.52398e-16
14.04 4.07105e-05 1.15396e-15
14.05 4.20261e-05 1.38232e-15
14.06 4.33728e-05 1.6396e-15
14.07 4.47512e-05 1.92805e-15
14.08 4.6162e-05 2.25008e-15
14.09 4.76058e-05 2.60821e-15
14.1 4.90831e-05 3.00514e-15
14.11 5.05946e-05 3.4437e-15
14.12 5.21409e-05 3.92691e-15
14.13 5.37227e-05 4.45795e-15
14.14 5.53404e-05 5.04018e-15
14.15 5.6995e-05 5.67716e-15
14.16 5.86868e-05 6.37265e-15
14.17 6.04167e-05 7.1306e-15
14.18 6.21853e-05 7.95521e-15
14.19 6.39933e-05 8.85089e-15
14.2 6.58414e-05 9.8223e-15
14.21 6.77302e-05 1.08743e-14
14.22 6.96604e-05 1.20122e-14
14.23 7.16328e-05 1.32413e-14
14.24 7.36481e-05 1.45673e-14
14.25 7.5707e-05 1.59964e-14
14.26 7.78102e-05 1.75349e-14
14.27 7.99585e-05 1.91894e-14
14.28 8.21526e-05 2.0967e-14
14.29 8.43933e-05 2.2875e-14
14.3 8.66813e-05 2.49213e-14
14.31 8.90174e-05 2.71139e-14
14.32 9.14023e-05 2.94615e-14
14.33 9.38369e-05 3.19729e-14
14.34 9.63219e-05 3.46577e-14
14.35 9.88581e-05 3.75258e-14
14.36 0.000101446 4.05874e-14
14.37 0.000104087 4.38535e-14
14.38 0.000106782 4.73355e-14
14.39 0.000109531 5.10453e-14
14.4 0.000112335 5.49955e-14
14.41 0.000115196 5.91992e-14
14.42 0.000118113 6.367e-14
14.43 0.000121088 6.84223e-14
14.44 0.000124122 7.34713e-14
14.45 0.000127215 7.88325e-14
14.46 0.000130368 8.45225e-14
14.47 0.000133583 9.05584e-14
14.48 0.000136859 9.69583e-14
14.49 0.000140199 1.03741e-13
14.5 0.000143602 1.10926e-13
14.51 0.000147069 1.18533e-13
14.52 0.000150602 1.26585e-13
14.53 0.000154202 1.35104e-13
14.54 0.000157868 1.44112e-13
14.55 0.000161603 1.53635e-13
14.56 0.000165406 1.63697e-13
14.57 0.00016928 1.74325e-13
14.58 0.000173224 1.85547e-13
14.59 0.000177239 1.97392e-13
14.6 0.000181327 2.09888e-13
14.61 0.000185488 2.23069e-13
14.62 0.000189723 2.36965e-13
14.63 0.000194033 2.51611e-13
14.64 0.000198419 2.67043e-13
14.65 0.000202881 2.83297e-13
14.66 0.000207421 3.0041e-13
14.67 0.00021204 3.18424e-13
14.68 0.000216737 3.37378e-13
14.69 0.000221515 3.57317e-13
14.7 0.000226373 3.78284e-13
14.71 0.000231313 4.00326e-13
14.72 0.000236336 4.23492e-13
14.73 0.000241441 4.47831e-13
14.74 0.000246631 4.73394e-13
14.75 0.000251905 5.00238e-13
14.76 0.000257265 5.28416e-13
14.77 0.000262711 5.57987e-13
14.78 0.000268245 5.89012e-13
14.79 0.000273865 6.21553e-13
14.8 0.000279574 6.55675e-13
14.81 0.000285373 6.91445e-13
14.82 0.00029126 7.28932e-13
14.83 0.000297238 7.68209e-13
14.84 0.000303308 8.0935e-13
14.85 0.000309468 8.52433e-13
14.86 0.000315721 8.97538e-13
14.87 0.000322066 9.44747e-13
14.88 0.000328504 9.94146e-13
14.89 0.000335036 1.04582e-12
14.9 0.000341662 1.09987e-12
14.91 0.000348382 1.15639e-12
14.92 0.000355197 1.21546e-12
14.93 0.000362107 1.2772e-12
14.94 0.000369113 1.34171e-12
14.95 0.000376214 1.4091e-12
14.96 0.000383411 1.47947e-12
14.97 0.000390705 1.55295e-12
14.98 0.000398094 1.62965e-12
14.99 0.00040558 1.70969e-12
15 0.000413163 1.7932e-12
15.01 0.000420842 1.88031e-12
15.02 0.000428617 1.97115e-12
15.03 0.000436489 2.06587e-12
15.04 0.000444456 2.16459e-12
15.05 0.00045252 2.26748e-12
15.06 0.000460679 2.37467e-12
15.07 0.000468933 2.48633e-12
15.08 0.000477282 2.60261e-12
15.09 0.000485725 2.72367e-12
15.1 0.000494262 2.84969e-12
15.11 0.000502892 2.98083e-12
15.12 0.000511614 3.11727e-12
15.13 0.000520428 3.2592e-12
15.14 0.000529333 3.40679e-12
15.15 0.000538327 3.56025e-12
15.16 0.00054741 3.71976e-12
15.17 0.00055658 3.88553e-12
15.18 0.000565837 4.05775e-12
15.19 0.000575178 4.23665e-12
15.2 0.000584603 4.42244e-12
15.21 0.000594109 4.61533e-12
15.22 0.000603696 4.81555e-12
15.23 0.000613361 5.02333e-12
15.24 0.000623103 5.2389e-12
15.25 0.000632918 5.46251e-12
15.26 0.000642806 5.69439e-12
15.27 0.000652764 5.9348e-12
15.28 0.00066279 6.18398e-12
15.29 0.00067288 6.4422e-12
15.3 0.000683032 6.70972e-12
15.31 0.000693243 6.9868e-12
15.32 0.000703511 7.27372e-12
15.33 0.000713832 7.57074e-12
15.34 0.000724202 7.87816e-12
15.35 0.000734618 8.19625e-12
15.36 0.000745077 8.52529e-12
15.37 0.000755574 8.86559e-12
15.38 0.000766105 9.21742e-12
15.39 0.000776667 9.5811e-12
15.4 0.000787254 9.95692e-12
15.41 0.000797861 1.03452e-11
15.42 0.000808485 1.07462e-11
15.43 0.00081912 1.11602e-11
15.44 0.000829759 1.15876e-11
15.45 0.000840399 1.20287e-11
15.46 0.000851033 1.24837e-11
15.47 0.000861655 1.29531e-11
15.48 0.000872258 1.3437e-11
15.49 0.000882836 1.39359e-11
15.5 0.000893383 1.44499e-11
15.51 0.00090389 1.49795e-11
15.52 0.000914351 1.55249e-11
15.53 0.000924758 1.60864e-11
15.54 0.000935102 1.66644e-11
15.55 0.000945376 1.7259e-11
15.56 0.000955571 1.78707e-11
15.57 0.000965677 1.84997e-11
15.58 0.000975686 1.91462e-11
15.59 0.000985588 1.98106e-11
15.6 0.000995372 2.04931e-11
15.61 0.00100503 2.11939e-11
15.62 0.00101455 2.19133e-11
15.63 0.00102392 2.26515e-11
15.64 0.00103312 2.34087e-11
15.65 0.00104216 2.41852e-11
15.66 0.001051 2.49811e-11
15.67 0.00105965 2.57966e-11
15.68 0.00106809 2.66319e-11
15.69 0.00107631 2.7487e-11
15.7 0.00108428 2.83622e-11
15.71 0.001092 2.92574e-11
15.72 0.00109945 3.01728e-11
15.73 0.00110661 3.11084e-11
15.74 0.00111348 3.20642e-11
15.75 0.00112002 3.30402e-11
15.76 0.00112623 3.40364e-11
15.77 0.00113209 3.50526e-11
15.78 0.00113758 3.60889e-11
15.79 0.00114267 3.7145e-11
15.8 0.00114736 3.82208e-11
15.81 0.00115161 3.9316e-11
15.82 0.00115542 4.04303e-11
15.83 0.00115875 4.15635e-11
15.84 0.00116159 4.27152e-11
15.85 0.00116392 4.3885e-11
15.86 0.0011657 4.50724e-11
15.87 0.00116692 4.6277e-11
15.88 0.00116754 4.74981e-11
15.89 0.00116756 4.87351e-11
15.9 0.00116693 4.99873e-11
15.91 0.00116563 5.1254e-11
15.92 0.00116364 5.25343e-11
15.93 0.00116092 5.38274e-11
15.94 0.00115745 5.51323e-11
15.95 0.00115319 5.64479e-11
15.96 0.00114812 5.77731e-11
15.97 0.00114219 5.91067e-11
15.98 0.00113539 6.04475e-11
15.99 0.00112767 6.17941e-11
16 0.001119 6.31449e-11
16.01 0.00110935 6.44986e-11
16.02 0.00109867 6.58533e-11
16.03 0.00108693 6.72074e-11
16.04 0.00107409 6.85591e-11
16.05 0.00106011 6.99064e-11
16.06 0.00104495 7.12472e-11
16.07 0.00102857 7.25795e-11
16.08 0.00101092 7.39009e-11
16.09 0.000991966 7.52091e-11
16.1 0.000971653 7.65017e-11
16.11 0.000949937 7.7776e-11
16.12 0.000926772 7.90294e-11
16.13 0.000902107 8.02591e-11
16.14 0.000875893 8.14621e-11
16.15 0.000848079 8.26355e-11
16.16 0.00081861 8.3776e-11
16.17 0.000787433 8.48804e-11
16.18 0.000754493 8.59455e-11
16.19 0.000719732 8.69677e-11
16.2 0.000683093 8.79434e-11
16.21 0.000644515 8.8869e-11
16.22 0.000603937 8.97407e-11
16.23 0.000561298 9.05547e-11
16.24 0.000516532 9.1307e-11
16.25 0.000469574 9.19937e-11
16.26 0.000420357 9.26105e-11
16.27 0.000368812 9.31534e-11
16.28 0.000314869 9.36182e-11
16.29 0.000258456 9.40005e-11
16.3 0.000199499 9.42962e-11
16.31 0.000137923 9.45009e-11
16.32 7.36519e-05 9.46103e-11
16.33 6.60583e-06 9.46201e-11
16.34 6.32952e-05 9.45261e-11
16.35 0.000136133 9.4324e-11
16.36 0.000211993 9.40098e-11
16.37 0.000290959 9.35794e-11
16.38 0.00037312 9.30289e-11
16.39 0.000458565 9.23546e-11
16.4 0.000547386 9.15528e-11
16.41 0.000639675 9.06203e-11
16.42 0.000735529 8.9554e-11
16.43 0.000835044 8.83511e-11
16.44 0.000938319 8.70091e-11
16.45 0.00104546 8.5526e-11
16.46 0.00115656 8.39001e-11
16.47 0.00127173 8.21303e-11
16.48 0.00139108 8.0216e-11
16.49 0.00151472 7.81573e-11
16.5 0.00164276 7.59548e-11
16.51 0.00177531 7.36099e-11
16.52 0.00191249 7.1125e-11
16.53 0.00205441 6.85032e-11
16.54 0.00220121 6.57488e-11
16.55 0.00235299 6.28669e-11
16.56 0.00250989 5.9864e-11
16.57 0.00267202 5.67479e-11
16.58 0.00283953 5.35277e-11
16.59 0.00301254 5.02142e-11
16.6 0.00319119 4.68196e-11
16.61 0.0033756 4.33581e-11
16.62 0.00356593 3.98459e-11
16.63 0.00376231 3.6301e-11
16.64 0.00396488 3.27439e-11
16.65 0.00417379 2.91976e-11
16.66 0.00438918 2.56874e-11
16.67 0.00461121 2.22418e-11
16.68 0.00484003 1.88919e-11
16.69 0.00507579 1.56725e-11
16.7 0.00531865 1.26214e-11
16.71 0.00556876 9.78046e-12
16.72 0.0058263 7.19536e-12
16.73 0.00609142 4.91604e-12
16.74 0.00636428 2.99696e-12
16.75 0.00664506 1.49742e-12
16.76 0.00693393 4.81836e-13
16.77 0.00723106 2.01376e-14
16.78 0.00753662 1.88066e-13
16.79 0.00785079 1.06757e-12
16.8 0.00817374 2.74718e-12
16.81 0.00850567 5.32244e-12
16.82 0.00884675 8.89631e-12
16.83 0.00919717 1.35796e-11
16.84 0.00955711 1.94916e-11
16.85 0.00992676 2.67604e-11
16.86 0.0103063 3.55232e-11
16.87 0.010696 4.59276e-11
16.88 0.0110959 5.81313e-11
16.89 0.0115063 7.23032e-11
16.9 0.0119274 8.86239e-11
16.91 0.0123594 1.07286e-10
16.92 0.0128025 1.28497e-10
16.93 0.0132569 1.52475e-10
16.94 0.0137227 1.79455e-10
16.95 0.0142002 2.09687e-10
16.96 0.0146897 2.43435e-10
16.97 0.0151912 2.80984e-10
16.98 0.0157051 3.22632e-10
16.99 0.0162314 3.687e-10
17 0.0167705 4.19526e-10
17.01 0.0173226 4.75469e-10
17.02 0.0178877 5.36911e-10
17.03 0.0184663 6.04256e-10
17.04 0.0190584 6.77931e-10
17.05 0.0196643 7.5839e-10
17.06 0.0202842 8.46111e-10
17.07 0.0209182 9.416e-10
17.08 0.0215667 1.04539e-09
17.09 0.0222298 1.15806e-09
17.1 0.0229077 1.28019e-09
17.11 0.0236007 1.41242e-09
17.12 0.0243089 1.5554e-09
17.13 0.0250326 1.70985e-09
17.14 0.0257719 1.8765e-09
17.15 0.026527 2.05611e-09
17.16 0.0272982 2.24953e-09
17.17 0.0280857 2.45759e-09
17.18 0.0288896 2.68121e-09
17.19 0.0297101 2.92133e-09
17.2 0.0305475 3.17896e-09
17.21 0.0314019 3.45514e-09
17.22 0.0322734 3.75097e-09
17.23 0.0331624 4.0676e-09
17.24 0.0340689 4.40625e-09
17.25 0.0349932 4.76819e-09
17.26 0.0359353 5.15473e-09
17.27 0.0368955 5.56727e-09
17.28 0.037874 6.00727e-09
17.29 0.0388708 6.47625e-09
17.3 0.0398861 6.9758e-09
17.31 0.0409201 7.50759e-09
17.32 0.0419729 8.07335e-09
17.33 0.0430446 8.6749e-09
17.34 0.0441354 9.31413e-09
17.35 0.0452453 9.99303e-09
17.36 0.0463745 1.07137e-08
17.37 0.0475231 1.14782e-08
17.38 0.0486912 1.22888e-08
17.39 0.0498788 1.31478e-08
17.4 0.0510861 1.40578e-08
17.41 0.052313 1.50211e-08
17.42 0.0535598 1.60405e-08
17.43 0.0548263 1.71186e-08
17.44 0.0561127 1.82583e-08
17.45 0.0574189 1.94626e-08
17.46 0.058745 2.07345e-08
17.47 0.0600911 2.20772e-08
17.48 0.061457 2.3494e-08
17.49 0.0628428 2.49883e-08
17.5 0.0642484 2.65636e-08
17.51 0.0656738 2.82236e-08
17.52 0.067119 2.99722e-08
17.53 0.0685839 3.18132e-08
17.54 0.0700683 3.37507e-08
17.55 0.0715723 3.5789e-08
17.56 0.0730956 3.79322e-08
17.57 0.0746382 4.01851e-08
17.58 0.0762 4.25521e-08
17.59 0.0777807 4.5038e-08
17.6 0.0793802 4.76479e-08
17.61 0.0809984 5.03867e-08
17.62 0.082635 5.32597e-08
17.63 0.0842898 5.62723e-08
17.64 0.0859626 5.94301e-08
17.65 0.0876531 6.27387e-08
17.66 0.0893611 6.6204e-08
17.67 0.0910862 6.98321e-08
17.68 0.0928283 7.36292e-08
17.69 0.0945869 7.76016e-08
17.7 0.0963617 8.17559e-08
17.71 0.0981524 8.60987e-08
17.72 0.0999587 9.06369e-08
17.73 0.10178 9.53775e-08
17.74 0.103616 1.00328e-07
17.75 0.105466 1.05495e-07
17.76 0.107331 1.10887e-07
17.77 0.109208 1.16511e-07
17.78 0.111099 1.22375e-07
17.79 0.113002 1.28488e-07
17.8 0.114916 1.34856e-07
17.81 0.116843 1.4149e-07
17.82 0.11878 1.48396e-07
17.83 0.120727 1.55585e-07
17.84 0.122684 1.63064e-07
17.85 0.124649 1.70843e-07
17.86 0.126624 1.7893e-07
17.87 0.128606 1.87336e-07
17.88 0.130595 1.96069e-07
17.89 0.132591 2.05139e-07
17.9 0.134592 2.14556e-07
17.91 0.136598 2.24329e-07
17.92 0.138609 2.34468e-07
17.93 0.140623 2.44984e-07
17.94 0.14264 2.55886e-07
17.95 0.14466 2.67185e-07
17.96 0.14668 2.78891e-07
17.97 0.148701 2.91015e-07
17.98 0.150721 3.03566e-07
17.99 0.15274 3.16556e-07
18 0.154758 3.29995e-07
18.01 0.156772 3.43894e-07
18.02 0.158782 3.58264e-07
18.03 0.160788 3.73114e-07
18.04 0.162789 3.88457e-07
18.05 0.164783 4.04302e-07
18.06 0.166769 4.20661e-07
18.07 0.168747 4.37544e-07
18.08 0.170717 4.54962e-07
18.09 0.172676 4.72925e-07
18.1 0.174623 4.91445e-07
18.11 0.176559 5.10532e-07
18.12 0.178482 5.30197e-07
18.13 0.180391 5.50449e-07
18.14 0.182285 5.713e-07
18.15 0.184163 5.92759e-07
18.16 0.186025 6.14837e-07
18.17 0.187868 6.37543e-07
18.18 0.189693 6.60887e-07
18.19 0.191498 6.84879e-07
18.2 0.193282 7.09529e-07
18.21 0.195045 7.34845e-07
18.22 0.196784 7.60836e-07
18.23 0.1985 7.87512e-07
18.24 0.200192 8.14881e-07
18.25 0.201858 8.42951e-07
18.26 0.203497 8.71729e-07
18.27 0.205109 9.01225e-07
18.28 0.206692 9.31445e-07
18.29 0.208246 9.62395e-07
18.3 0.209769 9.94084e-07
18.31 0.211262 1.02652e-06
18.32 0.212722 1.0597e-06
18.33 0.214149 1.09364e-06
18.34 0.215542 1.12834e-06
18.35 0.2169 1.1638e-06
18.36 0.218222 1.20004e-06
18.37 0.219508 1.23705e-06
18.38 0.220756 1.27484e-06
18.39 0.221966 1.3134e-06
18.4 0.223136 1.35275e-06
18.41 0.224267 1.39289e-06
18.42 0.225357 1.43381e-06
18.43 0.226405 1.47551e-06
18.44 0.227411 1.51801e-06
18.45 0.228374 1.56129e-06
18.46 0.229294 1.60536e-06
18.47 0.230168 1.65021e-06
18.48 0.230998 1.69584e-06
18.49 0.231781 1.74226e-06
18.5 0.232519 1.78945e-06
18.51 0.233208 1.83742e-06
18.52 0.233851 1.88616e-06
18.53 0.234444 1.93566e-06
18.54 0.234989 1.98591e-06
18.55 0.235484 2.03692e-06
18.56 0.235929 2.08868e-06
18.57 0.236324 2.14117e-06
18.58 0.236667 2.19439e-06
18.59 0.236958 2.24834e-06
18.6 0.237198 2.30299e-06
18.61 0.237385 2.35834e-06
18.62 0.237519 2.41438e-06
18.63 0.2376 2.4711e-06
18.64 0.237627 2.52849e-06
18.65 0.2376 2.58652e-06
18.66 0.237518 2.6452e-06
18.67 0.237382 2.7045e-06
18.68 0.237191 2.7644e-06
18.69 0.236944 2.82491e-06
18.7 0.236642 2.88598e-06
18.71 0.236284 2.94762e-06
18.72 0.23587 3.0098e-06
18.73 0.235399 3.0725e-06
18.74 0.234873 3.1357e-06
18.75 0.234289 3.19939e-06
18.76 0.233649 3.26354e-06
18.77 0.232953 3.32814e-06
18.78 0.232199 3.39315e-06
18.79 0.231389 3.45857e-06
18.8 0.230521 3.52436e-06
18.81 0.229596 3.5905e-06
18.82 0.228615 3.65697e-06
18.83 0.227576 3.72375e-06
18.84 0.22648 3.7908e-06
18.85 0.225327 3.8581e-06
18.86 0.224117 3.92563e-06
18.87 0.22285 3.99336e-06
18.88 0.221527 4.06127e-06
18.89 0.220146 4.12931e-06
18.9 0.21871 4.19747e-06
18.91 0.217216 4.26572e-06
18.92 0.215666 4.33403e-06
18.93 0.214061 4.40236e-06
18.94 0.212399 4.4707e-06
18.95 0.210681 4.539e-06
18.96 0.208908 4.60723e-06
18.97 0.20708 4.67537e-06
18.98 0.205197 4.74339e-06
18.99 0.203258 4.81124e-06
19 0.201265 4.87891e-06
19.01 0.199218 4.94635e-06
19.02 0.197117 5.01354e-06
19.03 0.194962 5.08044e-06
19.04 0.192754 5.14702e-06
19.05 0.190493 5.21324e-06
19.06 0.188179 5.27907e-06
19.07 0.185813 5.34448e-06
19.08 0.183395 5.40944e-06
19.09 0.180925 5.4739e-06
19.1 0.178404 5.53784e-06
19.11 0.175832 5.60122e-06
19.12 0.17321 5.66401e-06
19.13 0.170538 5.72617e-06
19.14 0.167816 5.78767e-06
19.15 0.165045 5.84848e-06
19.16 0.162225 5.90855e-06
19.17 0.159357 5.96787e-06
19.18 0.156441 6.02638e-06
19.19 0.153478 6.08407e-06
19.2 0.150468 6.14089e-06
19.21 0.147412 6.19681e-06
19.22 0.144309 6.2518e-06
19.23 0.141161 6.30583e-06
19.24 0.137969 6.35886e-06
19.25 0.134731 6.41086e-06
19.26 0.13145 6.46179e-06
19.27 0.128126 6.51164e-06
19.28 0.124758 6.56035e-06
19.29 0.121348 6.60791e-06
19.3 0.117897 6.65428e-06
19.31 0.114404 6.69944e-06
19.32 0.11087 6.74334e-06
19.33 0.107296 6.78596e-06
19.34 0.103683 6.82728e-06
19.35 0.10003 6.86726e-06
19.36 0.0963389 6.90588e-06
19.37 0.0926098 6.9431e-06
19.38 0.0888433 6.9789e-06
19.39 0.08504 7.01326e-06
19.4 0.0812004 7.04614e-06
19.41 0.0773252 7.07753e-06
19.42 0.0734149 7.10739e-06
19.43 0.0694701 7.13571e-06
19.44 0.0654914 7.16245e-06
19.45 0.0614793 7.18761e-06
19.46 0.0574346 7.21114e-06
19.47 0.0533578 7.23305e-06
19.48 0.0492494 7.25329e-06
19.49 0.0451101 7.27186e-06
19.5 0.0409406 7.28873e-06
19.51 0.0367413 7.30389e-06
19.52 0.0325129 7.31732e-06
19.53 0.0282561 7.329e-06
19.54 0.0239714 7.33891e-06
19.55 0.0196595 7.34705e-06
19.56 0.015321 7.35339e-06
19.57 0.0109565 7.35793e-06
19.58 0.00656661 7.36065e-06
19.59 0.00215199 7.36154e-06
19.6 0.00228675 7.3606e-06
19.61 0.00674898 7.3578e-06
19.62 0.0112341 7.35315e-06
19.63 0.0157414 7.34663e-06
19.64 0.0202703 7.33824e-06
19.65 0.0248201 7.32797e-06
19.66 0.0293903 7.31583e-06
19.67 0.0339802 7.30179e-06
19.68 0.0385891 7.28588e-06
19.69 0.0432164 7.26807e-06
19.7 0.0478614 7.24838e-06
19.71 0.0525236 7.22679e-06
19.72 0.0572022 7.20332e-06
19.73 0.0618967 7.17797e-06
19.74 0.0666064 7.15074e-06
19.75 0.0713305 7.12164e-06
19.76 0.0760686 7.09066e-06
19.77 0.0808199 7.05783e-06
19.78 0.0855838 7.02315e-06
19.79 0.0903597 6.98662e-06
19.8 0.0951468 6.94826e-06
19.81 0.0999445 6.90808e-06
19.82 0.104752 6.86609e-06
19.83 0.109569 6.8223e-06
19.84 0.114395 6.77674e-06
19.85 0.119229 6.72942e-06
19.86 0.12407 6.68035e-06
19.87 0.128918 6.62955e-06
19.88 0.133771 6.57705e-06
19.89 0.138631 6.52286e-06
19.9 0.143495 6.467e-06
19.91 0.148363 6.4095e-06
19.92 0.153234 6.35038e-06
19.93 0.158108 6.28967e-06
19.94 0.162984 6.22739e-06
19.95 0.167862 6.16358e-06
19.96 0.17274 6.09825e-06
19.97 0.177619 6.03144e-06
19.98 0.182496 5.96317e-06
19.99 0.187373 5.89349e-06
20 0.192248 5.82242e-06
20.01 0.19712 5.75e-06
20.02 0.201989 5.67625e-06
20.03 0.206854 5.60123e-06
20.04 0.211714 5.52496e-06
20.05 0.21657 5.44748e-06
20.06 0.221419 5.36883e-06
20.07 0.226262 5.28905e-06
20.08 0.231097 5.20819e-06
20.09 0.235925 5.12627e-06
20.1 0.240744 5.04336e-06
20.11 0.245553 4.95948e-06
20.12 0.250353 4.87469e-06
20.13 0.255142 4.78903e-06
20.14 0.25992 4.70254e-06
20.15 0.264687 4.61528e-06
20.16 0.26944 4.52729e-06
20.17 0.27418 4.43862e-06
20.18 0.278906 4.34932e-06
20.19 0.283618 4.25945e-06
20.2 0.288315 4.16905e-06
20.21 0.292995 4.07817e-06
20.22 0.297659 3.98688e-06
20.23 0.302305 3.89521e-06
20.24 0.306934 3.80324e-06
20.25 0.311544 3.711e-06
20.26 0.316135 3.61857e-06
20.27 0.320706 3.52598e-06
20.28 0.325256 3.43332e-06
20.29 0.329785 3.34062e-06
20.3 0.334291 3.24794e-06
20.31 0.338776 3.15536e-06
20.32 0.343237 3.06292e-06
20.33 0.347673 2.97069e-06
20.34 0.352086 2.87872e-06
20.35 0.356473 2.78708e-06
20.36 0.360834 2.69583e-06
20.37 0.365168 2.60503e-06
20.38 0.369475 2.51474e-06
20.39 0.373755 2.42503e-06
20.4 0.378005 2.33595e-06
20.41 0.382226 2.24757e-06
20.42 0.386418 2.15996e-06
20.43 0.390578 2.07317e-06
20.44 0.394708 1.98728e-06
20.45 0.398805 1.90233e-06
20.46 0.40287 1.81841e-06
20.47 0.406902 1.73556e-06
20.48 0.410899 1.65387e-06
20.49 0.414863 1.57338e-06
20.5 0.418791 1.49417e-06
20.51 0.422683 1.41629e-06
20.52 0.426538 1.33982e-06
20.53 0.430357 1.26482e-06
20.54 0.434137 1.19134e-06
20.55 0.437879 1.11946e-06
20.56 0.441582 1.04923e-06
20.57 0.445245 9.80728e-07
20.58 0.448868 9.14006e-07
20.59 0.45245 8.49131e-07
20.6 0.45599 7.86164e-07
20.61 0.459488 7.25168e-07
20.62 0.462942 6.66204e-07
20.63 0.466353 6.09333e-07
20.64 0.46972 5.54615e-07
20.65 0.473042 5.02112e-07
20.66 0.476319 4.51883e-07
20.67 0.479549 4.03986e-07
20.68 0.482733 3.58481e-07
20.69 0.485869 3.15424e-07
20.7 0.488957 2.74875e-07
20.71 0.491997 2.36888e-07
20.72 0.494987 2.01519e-07
20.73 0.497928 1.68824e-07
20.74 0.500818 1.38856e-07
20.75 0.503657 1.1167e-07
20.76 0.506444 8.73159e-08
20.77 0.509179 6.58469e-08
20.78 0.511862 4.7313e-08
20.79 0.51449 3.17638e-08
20.8 0.517065 1.92476e-08
20.81 0.519585 9.81186e-09
20.82 0.522049 3.50297e-09
20.83 0.524458 3.66069e-10
20.84 0.52681 4.45196e-10
20.85 0.529106 3.78318e-09
20.86 0.531343 1.04216e-08
20.87 0.533523 2.04009e-08
20.88 0.535644 3.37599e-08
20.89 0.537705 5.05366e-08
20.9 0.539707 7.07671e-08
20.91 0.541648 9.44865e-08
20.92 0.543528 1.21728e-07
20.93 0.545347 1.52525e-07
20.94 0.547103 1.86906e-07
20.95 0.548797 2.24902e-07
20.96 0.550428 2.66539e-07
20.97 0.551995 3.11845e-07
20.98 0.553498 3.60842e-07
20.99 0.554936 4.13554e-07
21 0.556309 4.70002e-07
21.01 0.557616 5.30206e-07
21.02 0.558856 5.94182e-07
21.03 0.56003 6.61948e-07
21.04 0.561136 7.33517e-07
21.05 0.562175 8.08901e-07
21.06 0.563145 8.88112e-07
21.07 0.564046 9.71157e-07
21.08 0.564878 1.05804e-06
21.09 0.56564 1.14878e-06
21.1 0.566332 1.24336e-06
21.11 0.566953 1.3418e-06
21.12 0.567503 1.44408e-06
21.13 0.567981 1.55022e-06
21.14 0.568387 1.66019e-06
21.15 0.56872 1.77401e-06
21.16 0.568981 1.89165e-06
21.17 0.569168 2.0131e-06
21.18 0.56928 2.13836e-06
21.19 0.569319 2.26741e-06
21.2 0.569283 2.40024e-06
21.21 0.569172 2.53681e-06
21.22 0.568985 2.67712e-06
21.23 0.568722 2.82114e-06
21.24 0.568382 2.96884e-06
21.25 0.567966 3.1202e-06
21.26 0.567473 3.27518e-06
21.27 0.566902 3.43376e-06
21.28 0.566253 3.5959e-06
21.29 0.565526 3.76156e-06
21.3 0.56472 3.93071e-06
21.31 0.563836 4.10331e-06
21.32 0.562872 4.27931e-06
21.33 0.561828 4.45867e-06
21.34 0.560704 4.64134e-06
21.35 0.5595 4.82727e-06
21.36 0.558215 5.01642e-06
21.37 0.556849 5.20873e-06
21.38 0.555402 5.40413e-06
21.39 0.553874 5.60259e-06
21.4 0.552263 5.80403e-06
21.41 0.550571 6.00839e-06
21.42 0.548796 6.21562e-06
21.43 0.546938 6.42564e-06
21.44 0.544998 6.63838e-06
21.45 0.542974 6.85378e-06
21.46 0.540867 7.07176e-06
21.47 0.538676 7.29225e-06
21.48 0.536402 7.51518e-06
21.49 0.534043 7.74046e-06
21.5 0.5316 7.96801e-06
21.51 0.529072 8.19775e-06
21.52 0.52646 8.4296e-06
21.53 0.523763 8.66347e-06
21.54 0.520981 8.89927e-06
21.55 0.518114 9.13691e-06
21.56 0.515161 9.37631e-06
21.57 0.512123 9.61736e-06
21.58 0.508999 9.85997e-06
21.59 0.505789 1.0104e-05
21.6 0.502494 1.03495e-05
21.61 0.499112 1.05962e-05
21.62 0.495645 1.08441e-05
21.63 0.492091 1.1093e-05
21.64 0.488451 1.13429e-05
21.65 0.484725 1.15936e-05
21.66 0.480912 1.1845e-05
21.67 0.477012 1.20971e-05
21.68 0.473027 1.23497e-05
21.69 0.468954 1.26027e-05
21.7 0.464795 1.2856e-05
21.71 0.460549 1.31095e-05
21.72 0.456217 1.3363e-05
21.73 0.451799 1.36164e-05
21.74 0.447293 1.38697e-05
21.75 0.442701 1.41227e-05
21.76 0.438023 1.43752e-05
21.77 0.433258 1.46272e-05
21.78 0.428406 1.48785e-05
21.79 0.423469 1.51291e-05
21.8 0.418445 1.53787e-05
21.81 0.413335 1.56273e-05
21.82 0.408138 1.58747e-05
21.83 0.402856 1.61208e-05
21.84 0.397488 1.63655e-05
21.85 0.392034 1.66086e-05
21.86 0.386495 1.68501e-05
21.87 0.38087 1.70897e-05
21.88 0.37516 1.73274e-05
21.89 0.369364 1.7563e-05
21.9 0.363484 1.77965e-05
21.91 0.357519 1.80276e-05
21.92 0.35147 1.82563e-05
21.93 0.345336 1.84823e-05
21.94 0.339118 1.87057e-05
21.95 0.332817 1.89262e-05
21.96 0.326432 1.91437e-05
21.97 0.319963 1.93581e-05
21.98 0.313412 1.95693e-05
21.99 0.306778 1.97772e-05
22 0.300061 1.99815e-05
22.01 0.293262 2.01822e-05
22.02 0.286382 2.03792e-05
22.03 0.27942 2.05723e-05
22.04 0.272376 2.07615e-05
22.05 0.265252 2.09465e-05
22.06 0.258048 2.11273e-05
22.07 0.250764 2.13037e-05
22.08 0.2434 2.14756e-05
22.09 0.235957 2.1643e-05
22.1 0.228435 2.18056e-05
22.11 0.220834 2.19634e-05
22.12 0.213156 2.21162e-05
22.13 0.2054 2.2264e-05
22.14 0.197568 2.24066e-05
22.15 0.189659 2.2544e-05
22.16 0.181673 2.26759e-05
22.17 0.173613 2.28024e-05
22.18 0.165477 2.29232e-05
22.19 0.157267 2.30384e-05
22.2 0.148982 2.31477e-05
22.21 0.140625 2.32512e-05
22.22 0.132194 2.33486e-05
22.23 0.123692 2.344e-05
22.24 0.115118 2.35252e-05
22.25 0.106472 2.36042e-05
22.26 0.0977567 2.36768e-05
22.27 0.0889712 2.37429e-05
22.28 0.0801165 2.38026e-05
22.29 0.0711933 2.38557e-05
22.3 0.0622023 2.39021e-05
22.31 0.0531441 2.39418e-05
22.32 0.0440195 2.39747e-05
22.33 0.0348291 2.40008e-05
22.34 0.0255737 2.40199e-05
22.35 0.0162539 2.40321e-05
22.36 0.00687057 2.40372e-05
22.37 0.0025756 2.40353e-05
22.38 0.0120838 2.40263e-05
22.39 0.0216533 2.401e-05
22.4 0.0312833 2.39866e-05
22.41 0.040973 2.3956e-05
22.42 0.0507215 2.39181e-05
22.43 0.0605281 2.38729e-05
22.44 0.0703919 2.38204e-05
22.45 0.080312 2.37606e-05
22.46 0.0902875 2.36934e-05
22.47 0.100318 2.36189e-05
22.48 0.110402 2.3537e-05
22.49 0.120538 2.34477e-05
22.5 0.130727 2.33512e-05
22.51 0.140966 2.32472e-05
22.52 0.151256 2.3136e-05
22.53 0.161594 2.30174e-05
22.54 0.171981 2.28915e-05
22.55 0.182415 2.27584e-05
22.56 0.192895 2.26181e-05
22.57 0.20342 2.24706e-05
22.58 0.213989 2.23159e-05
22.59 0.224601 2.21541e-05
22.6 0.235255 2.19853e-05
22.61 0.24595 2.18095e-05
22.62 0.256685 2.16268e-05
22.63 0.267459 2.14373e-05
22.64 0.278271 2.12409e-05
22.65 0.289119 2.10379e-05
22.66 0.300003 2.08282e-05
22.67 0.310921 2.06121e-05
22.68 0.321873 2.03895e-05
22.69 0.332856 2.01606e-05
22.7 0.343871 1.99254e-05
22.71 0.354915 1.96842e-05
22.72 0.365988 1.94369e-05
22.73 0.377089 1.91838e-05
22.74 0.388215 1.8925e-05
22.75 0.399367 1.86606e-05
22.76 0.410543 1.83907e-05
22.77 0.421741 1.81155e-05
22.78 0.43296 1.78351e-05
22.79 0.444199 1.75497e-05
22.8 0.455457 1.72595e-05
22.81 0.466733 1.69646e-05
22.82 0.478025 1.66652e-05
22.83 0.489331 1.63615e-05
22.84 0.500651 1.60536e-05
22.85 0.511984 1.57418e-05
22.86 0.523327 1.54263e-05
22.87 0.53468 1.51072e-05
22.88 0.546041 1.47848e-05
22.89 0.557409 1.44592e-05
22.9 0.568782 1.41307e-05
22.91 0.58016 1.37996e-05
22.92 0.59154 1.3466e-05
22.93 0.602921 1.31302e-05
22.94 0.614302 1.27924e-05
22.95 0.625682 1.24529e-05
22.96 0.637059 1.21119e-05
22.97 0.648431 1.17696e-05
22.98 0.659797 1.14264e-05
22.99 0.671156 1.10825e-05
23 0.682506 1.07382e-05
23.01 0.693846 1.03937e-05
23.02 0.705173 1.00494e-05
23.03 0.716488 9.70546e-06
23.04 0.727788 9.36224e-06
23.05 0.739071 9.02002e-06
23.06 0.750337 8.6791e-06
23.07 0.761583 8.33979e-06
23.08 0.772809 8.00239e-06
23.09 0.784011 7.66722e-06
23.1 0.79519 7.3346e-06
23.11 0.806343 7.00484e-06
23.12 0.81747 6.67827e-06
23.13 0.828567 6.35523e-06
23.14 0.839634 6.03604e-06
23.15 0.850669 5.72104e-06
23.16 0.861671 5.41057e-06
23.17 0.872638 5.10498e-06
23.18 0.883567 4.80461e-06
23.19 0.894459 4.50981e-06
23.2 0.905311 4.22094e-06
23.21 0.916121 3.93835e-06
23.22 0.926888 3.66241e-06
23.23 0.93761 3.39347e-06
23.24 0.948285 3.13189e-06
23.25 0.958913 2.87806e-06
23.26 0.96949 2.63232e-06
23.27 0.980017 2.39506e-06
23.28 0.99049 2.16665e-06
23.29 1.00091 1.94746e-06
23.3 1.01127 1.73788e-06
23.31 1.02157 1.53826e-06
23.32 1.03182 1.34901e-06
23.33 1.042 1.17048e-06
23.34 1.05212 1.00308e-06
23.35 1.06217 8.47174e-07
23.36 1.07216 7.03148e-07
23.37 1.08208 5.71386e-07
23.38 1.09193 4.52269e-07
23.39 1.10171 3.46182e-07
23.4 1.11141 2.53505e-07
23.41 1.12104 1.74623e-07
23.42 1.1306 1.09916e-07
23.43 1.14007 5.97646e-08
23.44 1.14946 2.45496e-08
23.45 1.15878 4.6495e-09
23.46 1.168 4.41565e-10
23.47 1.17715 1.23016e-08
23.48 1.1862 4.06035e-08
23.49 1.19517 8.57192e-08
23.5 1.20405 1.48019e-07
23.51 1.21283 2.27869e-07
23.52 1.22152 3.25635e-07
23.53 1.23012 4.41678e-07
23.54 1.23862 5.76357e-07
23.55 1.24702 7.30027e-07
23.56 1.25531 9.03041e-07
23.57 1.26351 1.09575e-06
23.58 1.2716 1.30849e-06
23.59 1.27959 1.5416e-06
23.6 1.28746 1.79543e-06
23.61 1.29523 2.0703e-06
23.62 1.30289 2.36654e-06
23.63 1.31043 2.68447e-06
23.64 1.31786 3.0244e-06
23.65 1.32518 3.38664e-06
23.66 1.33237 3.77151e-06
23.67 1.33945 4.17929e-06
23.68 1.34641 4.61028e-06
23.69 1.35324 5.06477e-06
23.7 1.35995 5.54303e-06
23.71 1.36653 6.04533e-06
23.72 1.37299 6.57195e-06
23.73 1.37931 7.12313e-06
23.74 1.38551 7.69913e-06
23.75 1.39157 8.30019e-06
23.76 1.39749 8.92654e-06
23.77 1.40329 9.57841e-06
23.78 1.40894 1.0256e-05
23.79 1.41445 1.09596e-05
23.8 1.41983 1.16893e-05
23.81 1.42506 1.24453e-05
23.82 1.43015 1.32278e-05
23.83 1.43509 1.40371e-05
23.84 1.43988 1.48731e-05
23.85 1.44453 1.57362e-05
23.86 1.44902 1.66264e-05
23.87 1.45337 1.75439e-05
23.88 1.45756 1.84888e-05
23.89 1.46159 1.94612e-05
23.9 1.46547 2.04611e-05
23.91 1.46919 2.14888e-05
23.92 1.47275 2.25442e-05
23.93 1.47616 2.36275e-05
23.94 1.47939 2.47386e-05
23.95 1.48247 2.58777e-05
23.96 1.48538 2.70446e-05
23.97 1.48812 2.82396e-05
23.98 1.4907 2.94625e-05
23.99 1.4931 3.07134e-05
24 1.49534 3.19922e-05
24.01 1.4974 3.32989e-05
24.02 1.49929 3.46335e-05
24.03 1.501 3.59959e-05
24.04 1.50254 3.7386e-05
24.05 1.5039 3.88037e-05
24.06 1.50508 4.02489e-05
24.07 1.50608 4.17216e-05
24.08 1.5069 4.32215e-05
24.09 1.50754 4.47485e-05
24.1 1.50799 4.63026e-05
24.11 1.50826 4.78834e-05
24.12 1.50834 4.94909e-05
24.13 1.50823 5.11248e-05
24.14 1.50794 5.27849e-05
24.15 1.50745 5.4471e-05
24.16 1.50678 5.61828e-05
24.17 1.50591 5.79201e-05
24.18 1.50484 5.96826e-05
24.19 1.50359 6.147e-05
24.2 1.50214 6.3282e-05
24.21 1.50049 6.51183e-05
24.22 1.49864 6.69786e-05
24.23 1.4966 6.88624e-05
24.24 1.49435 7.07695e-05
24.25 1.49191 7.26995e-05
24.26 1.48926 7.4652e-05
24.27 1.48642 7.66265e-05
24.28 1.48336 7.86226e-05
24.29 1.48011 8.06399e-05
24.3 1.47665 8.2678e-05
24.31 1.47298 8.47364e-05
24.32 1.46911 8.68146e-05
24.33 1.46503 8.89121e-05
24.34 1.46074 9.10283e-05
24.35 1.45624 9.31628e-05
24.36 1.45154 9.53151e-05
24.37 1.44662 9.74845e-05
24.38 1.44149 9.96705e-05
24.39 1.43615 0.000101872
24.4 1.4306 0.00010409
24.41 1.42484 0.000106322
24.42 1.41886 0.000108568
24.43 1.41267 0.000110828
24.44 1.40626 0.000113101
24.45 1.39964 0.000115386
24.46 1.3928 0.000117683
24.47 1.38575 0.00011999
24.48 1.37848 0.000122307
24.49 1.371 0.000124634
24.5 1.3633 0.00012697
24.51 1.35538 0.000129313
24.52 1.34724 0.000131664
24.53 1.33889 0.000134021
24.54 1.33031 0.000136383
24.55 1.32152 0.000138751
24.56 1.31252 0.000141122
24.57 1.30329 0.000143497
24.58 1.29384 0.000145874
24.59 1.28418 0.000148253
24.6 1.2743 0.000150632
24.61 1.26419 0.000153011
24.62 1.25387 0.000155389
24.63 1.24333 0.000157766
24.64 1.23258 0.000160139
24.65 1.2216 0.000162509
24.66 1.2104 0.000164875
24.67 1.19899 0.000167234
24.68 1.18736 0.000169588
24.69 1.17551 0.000171934
24.7 1.16344 0.000174272
24.71 1.15116 0.000176601
24.72 1.13866 0.00017892
24.73 1.12594 0.000181228
24.74 1.11301 0.000183523
24.75 1.09986 0.000185806
24.76 1.0865 0.000188075
24.77 1.07292 0.000190329
24.78 1.05912 0.000192568
24.79 1.04512 0.000194789
24.8 1.0309 0.000196993
24.81 1.01647 0.000199178
24.82 1.00182 0.000201344
24.83 0.986967 0.000203488
24.84 0.971902 0.000205612
24.85 0.956627 0.000207712
24.86 0.941144 0.000209789
24.87 0.925453 0.000211841
24.88 0.909555 0.000213868
24.89 0.893451 0.000215869
24.9 0.877143 0.000217841
24.91 0.86063 0.000219786
24.92 0.843914 0.000221701
24.93 0.826996 0.000223586
24.94 0.809877 0.000225439
24.95 0.792559 0.000227261
24.96 0.775043 0.000229049
24.97 0.757329 0.000230803
24.98 0.739419 0.000232522
24.99 0.721314 0.000234205
25 0.703016 0.000235851
25.01 0.684526 0.000237459
25.02 0.665845 0.000239029
25.03 0.646975 0.000240559
25.04 0.627918 0.000242049
25.05 0.608674 0.000243498
25.06 0.589246 0.000244904
25.07 0.569635 0.000246268
25.08 0.549842 0.000247587
25.09 0.52987 0.000248863
25.1 0.50972 0.000250092
25.11 0.489393 0.000251276
25.12 0.468892 0.000252412
25.13 0.448218 0.000253501
25.14 0.427374 0.000254542
25.15 0.40636 0.000255533
25.16 0.38518 0.000256474
25.17 0.363835 0.000257365
25.18 0.342326 0.000258204
25.19 0.320657 0.000258992
25.2 0.298829 0.000259727
25.21 0.276844 0.000260409
25.22 0.254705 0.000261037
25.23 0.232413 0.000261611
25.24 0.209972 0.00026213
25.25 0.187382 0.000262594
25.26 0.164647 0.000263001
25.27 0.141768 0.000263353
25.28 0.118749 0.000263647
25.29 0.0955917 0.000263884
25.3 0.0722982 0.000264063
25.31 0.0488714 0.000264185
25.32 0.0253136 0.000264248
25.33 0.00162758 0.000264252
25.34 0.0221842 0.000264197
25.35 0.046119 0.000264082
25.36 0.0701742 0.000263908
25.37 0.0943471 0.000263674
25.38 0.118635 0.00026338
25.39 0.143035 0.000263025
25.4 0.167544 0.00026261
25.41 0.19216 0.000262135
25.42 0.216879 0.000261599
25.43 0.241699 0.000261002
25.44 0.266617 0.000260345
25.45 0.291629 0.000259627
25.46 0.316733 0.000258848
25.47 0.341925 0.000258008
25.48 0.367203 0.000257108
25.49 0.392564 0.000256147
25.5 0.418003 0.000255127
25.51 0.443519 0.000254046
25.52 0.469107 0.000252905
25.53 0.494765 0.000251705
25.54 0.520489 0.000250445
25.55 0.546276 0.000249126
25.56 0.572122 0.000247749
25.57 0.598025 0.000246313
25.58 0.62398 0.00024482
25.59 0.649984 0.000243269
25.6 0.676035 0.000241661
25.61 0.702127 0.000239997
25.62 0.728259 0.000238276
25.63 0.754425 0.000236501
25.64 0.780623 0.000234671
25.65 0.806849 0.000232787
25.66 0.8331 0.000230849
25.67 0.859371 0.000228859
25.68 0.885659 0.000226818
25.69 0.91196 0.000224725
25.7 0.93827 0.000222581
25.71 0.964587 0.000220389
25.72 0.990905 0.000218148
25.73 1.01722 0.000215859
25.74 1.04353 0.000213523
25.75 1.06983 0.000211142
25.76 1.09612 0.000208717
25.77 1.12239 0.000206247
25.78 1.14864 0.000203735
25.79 1.17486 0.000201182
25.8 1.20105 0.000198588
25.81 1.22721 0.000195956
25.82 1.25333 0.000193285
25.83 1.27941 0.000190578
25.84 1.30545 0.000187835
25.85 1.33143 0.000185058
25.86 1.35736 0.000182249
25.87 1.38324 0.000179408
25.88 1.40905 0.000176536
25.89 1.43479 0.000173637
25.9 1.46047 0.00017071
25.91 1.48607 0.000167757
25.92 1.51159 0.00016478
25.93 1.53703 0.00016178
25.94 1.56238 0.000158759
25.95 1.58763 0.000155718
25.96 1.6128 0.000152659
25.97 1.63786 0.000149584
25.98 1.66282 0.000146494
25.99 1.68767 0.000143391
26 1.71241 0.000140276
26.01 1.73703 0.000137151
26.02 1.76153 0.000134018
26.03 1.7859 0.000130879
26.04 1.81015 0.000127735
26.05 1.83425 0.000124588
26.06 1.85822 0.00012144
26.07 1.88205 0.000118293
26.08 1.90573 0.000115148
26.09 1.92926 0.000112008
26.1 1.95263 0.000108874
26.11 1.97584 0.000105748
26.12 1.99889 0.000102631
26.13 2.02176 9.95266e-05
26.14 2.04447 9.64357e-05
26.15 2.06699 9.33602e-05
26.16 2.08934 9.03022e-05
26.17 2.1115 8.72635e-05
26.18 2.13346 8.42459e-05
26.19 2.15523 8.12515e-05
26.2 2.17681 7.82822e-05
26.21 2.19817 7.53397e-05
26.22 2.21933 7.24261e-05
26.23 2.24028 6.95433e-05
26.24 2.26101 6.66932e-05
26.25 2.28153 6.38777e-05
26.26 2.30181 6.10986e-05
26.27 2.32187 5.8358e-05
26.28 2.34169 5.56576e-05
26.29 2.36127 5.29995e-05
26.3 2.38062 5.03854e-05
26.31 2.39971 4.78172e-05
26.32 2.41856 4.52968e-05
26.33 2.43715 4.28261e-05
26.34 2.45549 4.04069e-05
26.35 2.47356 3.80409e-05
26.36 2.49136 3.57301e-05
26.37 2.50889 3.34762e-05
26.38 2.52615 3.1281e-05
26.39 2.54313 2.91462e-05
26.4 2.55983 2.70736e-05
26.41 2.57624 2.50648e-05
26.42 2.59236 2.31217e-05
26.43 2.60818 2.12458e-05
26.44 2.62371 1.94388e-05
26.45 2.63893 1.77023e-05
26.46 2.65385 1.60379e-05
26.47 2.66845 1.44471e-05
26.48 2.68275 1.29316e-05
26.49 2.69672 1.14928e-05
26.5 2.71037 1.01322e-05
26.51 2.7237 8.85127e-06
26.52 2.7367 7.65134e-06
26.53 2.74937 6.53383e-06
26.54 2.7617 5.50008e-06
26.55 2.7737 4.55138e-06
26.56 2.78535 3.68901e-06
26.57 2.79665 2.91418e-06
26.58 2.80761 2.2281e-06
26.59 2.81821 1.63189e-06
26.6 2.82846 1.12666e-06
26.61 2.83834 7.13483e-07
26.62 2.84787 3.93364e-07
26.63 2.85702 1.67278e-07
26.64 2.86581 3.61507e-08
26.65 2.87423 8.62711e-10
26.66 2.88227 6.2246e-08
26.67 2.88994 2.21085e-07
26.68 2.89722 4.78113e-07
26.69 2.90412 8.34017e-07
26.7 2.91063 1.28943e-06
26.71 2.91676 1.84494e-06
26.72 2.92249 2.50106e-06
26.73 2.92782 3.25829e-06
26.74 2.93276 4.11704e-06
26.75 2.9373 5.07768e-06
26.76 2.94144 6.14053e-06
26.77 2.94518 7.30585e-06
26.78 2.9485 8.57383e-06
26.79 2.95142 9.94463e-06
26.8 2.95392 1.14183e-05
26.81 2.95602 1.2995e-05
26.82 2.95769 1.46745e-05
26.83 2.95895 1.64569e-05
26.84 2.95979 1.83419e-05
26.85 2.96021 2.03295e-05
26.86 2.9602 2.24192e-05
26.87 2.95977 2.46108e-05
26.88 2.95891 2.69039e-05
26.89 2.95762 2.92981e-05
26.9 2.95591 3.17929e-05
26.91 2.95376 3.43876e-05
26.92 2.95118 3.70818e-05
26.93 2.94816 3.98746e-05
26.94 2.94471 4.27653e-05
26.95 2.94082 4.57532e-05
26.96 2.9365 4.88373e-05
26.97 2.93173 5.20168e-05
26.98 2.92653 5.52906e-05
26.99 2.92089 5.86578e-05
27 2.9148 6.21171e-05
27.01 2.90827 6.56674e-05
27.02 2.9013 6.93076e-05
27.03 2.89389 7.30363e-05
27.04 2.88603 7.68521e-05
27.05 2.87773 8.07537e-05
27.06 2.86899 8.47396e-05
27.07 2.8598 8.88083e-05
27.08 2.85017 9.29582e-05
27.09 2.84009 9.71876e-05
27.1 2.82957 0.000101495
27.11 2.8186 0.000105879
27.12 2.80719 0.000110336
27.13 2.79533 0.000114867
27.14 2.78304 0.000119468
27.15 2.7703 0.000124138
27.16 2.75711 0.000128874
27.17 2.74349 0.000133675
27.18 2.72943 0.000138538
27.19 2.71492 0.000143462
27.2 2.69998 0.000148444
27.21 2.6846 0.000153482
27.22 2.66878 0.000158574
27.23 2.65253 0.000163717
27.24 2.63584 0.000168909
27.25 2.61872 0.000174147
27.26 2.60117 0.000179429
27.27 2.58319 0.000184753
27.28 2.56478 0.000190117
27.29 2.54595 0.000195516
27.3 2.52669 0.00020095
27.31 2.50701 0.000206415
27.32 2.48691 0.000211908
27.33 2.4664 0.000217427
27.34 2.44547 0.00022297
27.35 2.42412 0.000228533
27.36 2.40237 0.000234114
27.37 2.38021 0.00023971
27.38 2.35764 0.000245317
27.39 2.33467 0.000250934
27.4 2.3113 0.000256558
27.41 2.28754 0.000262185
27.42 2.26338 0.000267813
27.43 2.23883 0.000273438
27.44 2.2139 0.000279058
27.45 2.18858 0.00028467
27.46 2.16288 0.000290271
27.47 2.13681 0.000295859
27.48 2.11036 0.000301429
27.49 2.08355 0.00030698
27.5 2.05637 0.000312507
27.51 2.02883 0.000318009
27.52 2.00093 0.000323483
27.53 1.97268 0.000328925
27.54 1.94409 0.000334332
27.55 1.91514 0.000339702
27.56 1.88586 0.000345032
27.57 1.85625 0.000350319
27.58 1.8263 0.000355559
27.59 1.79603 0.000360751
27.6 1.76544 0.000365891
27.61 1.73454 0.000370976
27.62 1.70332 0.000376004
27.63 1.6718 0.000380972
27.64 1.63998 0.000385876
27.65 1.60786 0.000390716
27.66 1.57545 0.000395487
27.67 1.54276 0.000400187
27.68 1.50979 0.000404813
27.69 1.47655 0.000409364
27.7 1.44305 0.000413835
27.71 1.40928 0.000418226
27.72 1.37526 0.000422533
27.73 1.34098 0.000426753
27.74 1.30647 0.000430886
27.75 1.27172 0.000434927
27.76 1.23674 0.000438875
27.77 1.20153 0.000442729
27.78 1.16611 0.000446484
27.79 1.13048 0.00045014
27.8 1.09464 0.000453695
27.81 1.05861 0.000457145
27.82 1.02238 0.00046049
27.83 0.985976 0.000463727
27.84 0.949391 0.000466855
27.85 0.912637 0.000469872
27.86 0.875719 0.000472776
27.87 0.838646 0.000475565
27.88 0.801426 0.000478239
27.89 0.764064 0.000480794
27.9 0.726568 0.000483231
27.91 0.688947 0.000485547
27.92 0.651207 0.000487741
27.93 0.613356 0.000489812
27.94 0.575402 0.000491759
27.95 0.537352 0.000493581
27.96 0.499214 0.000495276
27.97 0.460996 0.000496844
27.98 0.422706 0.000498285
27.99 0.384351 0.000499596
28 0.345941 0.000500778
28.01 0.307482 0.000501829
28.02 0.268983 0.00050275
28.03 0.230452 0.00050354
28.04 0.191897 0.000504197
28.05 0.153327 0.000504723
28.06 0.114749 0.000505117
28.07 0.0761724 0.000505379
28.08 0.0376051 0.000505508
28.09 0.00094445 0.000505505
28.1 0.0394678 0.000505369
28.11 0.0779566 0.000505102
28.12 0.116402 0.000504702
28.13 0.154796 0.000504171
28.14 0.19313 0.000503509
28.15 0.231395 0.000502716
28.16 0.269583 0.000501793
28.17 0.307684 0.000500741
28.18 0.345691 0.00049956
28.19 0.383595 0.000498252
28.2 0.421387 0.000496816
28.21 0.459058 0.000495254
28.22 0.4966 0.000493568
28.23 0.534004 0.000491757
28.24 0.571261 0.000489824
28.25 0.608363 0.00048777
28.26 0.6453 0.000485596
28.27 0.682065 0.000483303
28.28 0.718648 0.000480892
28.29 0.755041 0.000478367
28.3 0.791235 0.000475727
28.31 0.827221 0.000472975
28.32 0.862992 0.000470113
28.33 0.898537 0.000467142
28.34 0.933848 0.000464064
28.35 0.968918 0.000460882
28.36 1.00374 0.000457596
28.37 1.0383 0.00045421
28.38 1.07259 0.000450725
28.39 1.1066 0.000447144
28.4 1.14033 0.000443468
28.41 1.17377 0.000439701
28.42 1.20691 0.000435844
28.43 1.23973 0.0004319
28.44 1.27224 0.000427871
28.45 1.30442 0.000423759
28.46 1.33627 0.000419568
28.47 1.36777 0.0004153
28.48 1.39892 0.000410957
28.49 1.42972 0.000406542
28.5 1.46015 0.000402058
28.51 1.4902 0.000397507
28.52 1.51987 0.000392892
28.53 1.54915 0.000388216
28.54 1.57803 0.000383481
28.55 1.60651 0.000378691
28.56 1.63457 0.000373848
28.57 1.66221 0.000368955
28.58 1.68942 0.000364015
28.59 1.7162 0.000359031
28.6 1.74254 0.000354006
28.61 1.76843 0.000348942
28.62 1.79386 0.000343843
28.63 1.81882 0.00033871
28.64 1.84332 0.000333549
28.65 1.86734 0.00032836
28.66 1.89087 0.000323147
28.67 1.91392 0.000317914
28.68 1.93647 0.000312662
28.69 1.95851 0.000307395
28.7 1.98005 0.000302115
28.71 2.00107 0.000296826
28.72 2.02158 0.00029153
28.73 2.04155 0.00028623
28.74 2.06099 0.000280929
28.75 2.0799 0.000275629
28.76 2.09826 0.000270334
28.77 2.11608 0.000265046
28.78 2.13334 0.000259768
28.79 2.15004 0.000254502
28.8 2.16618 0.000249251
28.81 2.18175 0.000244018
28.82 2.19675 0.000238805
28.83 2.21117 0.000233614
28.84 2.22501 0.000228448
28.85 2.23827 0.00022331
28.86 2.25093 0.000218202
28.87 2.26301 0.000213126
28.88 2.27448 0.000208085
28.89 2.28536 0.00020308
28.9 2.29564 0.000198114
28.91 2.30531 0.000193189
28.92 2.31437 0.000188307
28.93 2.32282 0.000183469
28.94 2.33065 0.000178679
28.95 2.33787 0.000173938
28.96 2.34447 0.000169247
28.97 2.35045 0.000164609
28.98 2.35581 0.000160025
28.99 2.36054 0.000155496
29 2.36465 0.000151025
29.01 2.36813 0.000146613
29.02 2.37098 0.00014226
29.03 2.37321 0.00013797
29.04 2.37481 0.000133742
29.05 2.37577 0.000129578
29.06 2.37611 0.00012548
29.07 2.37581 0.000121448
29.08 2.37489 0.000117483
29.09 2.37334 0.000113587
29.1 2.37115 0.00010976
29.11 2.36834 0.000106003
29.12 2.36491 0.000102316
29.13 2.36084 9.87015e-05
29.14 2.35616 9.51585e-05
29.15 2.35085 9.1688e-05
29.16 2.34491 8.82905e-05
29.17 2.33836 8.49664e-05
29.18 2.3312 8.1716e-05
29.19 2.32342 7.85395e-05
29.2 2.31502 7.54371e-05
29.21 2.30602 7.24089e-05
29.22 2.29641 6.94549e-05
29.23 2.2862 6.65752e-05
29.24 2.2754 6.37697e-05
29.25 2.26399 6.10381e-05
29.26 2.252 5.83804e-05
29.27 2.23942 5.57961e-05
29.28 2.22626 5.32851e-05
29.29 2.21252 5.08468e-05
29.3 2.1982 4.84808e-05
29.31 2.18332 4.61866e-05
29.32 2.16788 4.39637e-05
29.33 2.15188 4.18114e-05
29.34 2.13533 3.9729e-05
29.35 2.11823 3.77159e-05
29.36 2.1006 3.57712e-05
29.37 2.08243 3.38942e-05
29.38 2.06374 3.20838e-05
29.39 2.04453 3.03394e-05
29.4 2.02481 2.86598e-05
29.41 2.00458 2.70441e-05
29.42 1.98386 2.54913e-05
29.43 1.96264 2.40002e-05
29.44 1.94095 2.25698e-05
29.45 1.91878 2.1199e-05
29.46 1.89614 1.98865e-05
29.47 1.87305 1.86311e-05
29.48 1.84951 1.74317e-05
29.49 1.82553 1.6287e-05
29.5 1.80113 1.51957e-05
29.51 1.7763 1.41565e-05
29.52 1.75106 1.3168e-05
29.53 1.72542 1.22291e-05
29.54 1.69938 1.13382e-05
29.55 1.67297 1.04941e-05
29.56 1.64618 9.69539e-06
29.57 1.61904 8.94067e-06
29.58 1.59154 8.22858e-06
29.59 1.5637 7.55771e-06
29.6 1.53554 6.92669e-06
29.61 1.50706 6.33411e-06
29.62 1.47827 5.77859e-06
29.63 1.44918 5.25875e-06
29.64 1.41982 4.77319e-06
29.65 1.39018 4.32056e-06
29.66 1.36029 3.89948e-06
29.67 1.33014 3.50861e-06
29.68 1.29976 3.14659e-06
29.69 1.26916 2.81212e-06
29.7 1.23835 2.50388e-06
29.71 1.20734 2.22058e-06
29.72 1.17615 1.96095e-06
29.73 1.14478 1.72373e-06
29.74 1.11326 1.50772e-06
29.75 1.08159 1.31169e-06
29.76 1.04979 1.13447e-06
29.77 1.01786 9.74925e-07
29.78 0.985837 8.31916e-07
29.79 0.953717 7.04355e-07
29.8 0.921519 5.9118e-07
29.81 0.889255 4.91358e-07
29.82 0.856941 4.03892e-07
29.83 0.824589 3.27815e-07
29.84 0.792214 2.62195e-07
29.85 0.759829 2.06135e-07
29.86 0.727449 1.58775e-07
29.87 0.695088 1.19289e-07
29.88 0.66276 8.68874e-08
29.89 0.630479 6.08199e-08
29.9 0.598259 4.0372e-08
29.91 0.566115 2.48673e-08
29.92 0.534061 1.36673e-08
29.93 0.50211 6.17185e-09
29.94 0.470278 1.81869e-09
29.95 0.438579 8.37899e-11
29.96 0.407027 4.81118e-10
29.97 0.375636 2.56251e-09
29.98 0.34442 5.91737e-09
29.99 0.313394 1.01724e-08
