0 0 0
0.01 0 0
0.02 0 0
0.03 0 0
0.04 0 0
0.05 0 0
0.06 0 0
0.07 0 0
0.08 0 0
0.09 0 0
0.1 0 0
0.11 0 0
0.12 0 0
0.13 0 0
0.14 0 0
0.15 0 0
0.16 0 0
0.17 0 0
0.18 0 0
0.19 0 0
0.2 0 0
0.21 0 0
0.22 0 0
0.23 0 0
0.24 0 0
0.25 0 0
0.26 0 0
0.27 0 0
0.28 0 0
0.29 0 0
0.3 0 0
0.31 0 0
0.32 0 0
0.33 0 0
0.34 0 0
0.35 0 0
0.36 0 0
0.37 0 0
0.38 0 0
0.39 0 0
0.4 0 0
0.41 0 0
0.42 0 0
0.43 0 0
0.44 0 0
0.45 0 0
0.46 0 0
0.47 0 0
0.48 0 0
0.49 0 0
0.5 0 0
0.51 0 0
0.52 0 0
0.53 0 0
0.54 0 0
0.55 0 0
0.56 0 0
0.57 0 0
0.58 0 0
0.59 0 0
0.6 0 0
0.61 0 0
0.62 0 0
0.63 0 0
0.64 0 0
0.65 0 0
0.66 0 0
0.67 0 0
0.68 0 0
0.69 0 0
0.7 0 0
0.71 0 0
0.72 0 0
0.73 0 0
0.74 0 0
0.75 0 0
0.76 0 0
0.77 0 0
0.78 0 0
0.79 0 0
0.8 0 0
0.81 0 0
0.82 0 0
0.83 0 0
0.84 0 0
0.85 0 0
0.86 0 0
0.87 0 0
0.88 0 0
0.89 0 0
0.9 0 0
0.91 0 0
0.92 0 0
0.93 0 0
0.94 0 0
0.95 0 0
0.96 0 0
0.97 0 0
0.98 0 0
0.99 0 0
1 0 0
1.01 0 0
1.02 0 0
1.03 0 0
1.04 0 0
1.05 0 0
1.06 0 0
1.07 0 0
1.08 0 0
1.09 0 0
1.1 0 0
1.11 0 0
1.12 0 0
1.13 0 0
1.14 0 0
1.15 0 0
1.16 0 0
1.17 0 0
1.18 0 0
1.19 0 0
1.2 0 0
1.21 0 0
1.22 0 0
1.23 0 0
1.24 0 0
1.25 0 0
1.26 0 0
1.27 0 0
1.28 0 0
1.29 0 0
1.3 0 0
1.31 0 0
1.32 0 0
1.33 0 0
1.34 0 0
1.35 0 0
1.36 0 0
1.37 0 0
1.38 0 0
1.39 0 0
1.4 0 0
1.41 0 0
1.42 0 0
1.43 0 0
1.44 0 0
1.45 0 0
1.46 0 0
1.47 0 0
1.48 0 0
1.49 0 0
1.5 0 0
1.51 0 0
1.52 0 0
1.53 0 0
1.54 0 0
1.55 0 0
1.56 0 0
1.57 0 0
1.58 0 0
1.59 0 0
1.6 0 0
1.61 0 0
1.62 0 0
1.63 0 0
1.64 0 0
1.65 0 0
1.66 0 0
1.67 0 0
1.68 0 0
1.69 0 0
1.7 0 0
1.71 0 0
1.72 0 0
1.73 0 0
1.74 0 0
1.75 0 0
1.76 0 0
1.77 0 0
1.78 0 0
1.79 0 0
1.8 0 0
1.81 0 0
1.82 0 0
1.83 0 0
1.84 0 0
1.85 0 0
1.86 0 0
1.87 0 0
1.88 0 0
1.89 0 0
1.9 0 0
1.91 0 0
1.92 0 0
1.93 0 0
1.94 0 0
1.95 0 0
1.96 0 0
1.97 0 0
1.98 0 0
1.99 0 0
2 0 0
2.01 0 0
2.02 0 0
2.03 0 0
2.04 0 0
2.05 0 0
2.06 0 0
2.07 0 0
2.08 0 0
2.09 0 0
2.1 0 0
2.11 0 0
2.12 0 0
2.13 0 0
2.14 0 0
2.15 0 0
2.16 0 0
2.17 0 0
2.18 0 0
2.19 0 0
2.2 0 0
2.21 0 0
2.22 0 0
2.23 0 0
2.24 0 0
2.25 0 0
2.26 0 0
2.27 0 0
2.28 0 0
2.29 0 0
2.3 0 0
2.31 0 0
2.32 0 0
2.33 0 0
2.34 0 0
2.35 0 0
2.36 0 0
2.37 0 0
2.38 0 0
2.39 0 0
2.4 0 0
2.41 0 0
2.42 0 0
2.43 0 0
2.44 0 0
2.45 0 0
2.46 0 0
2.47 0 0
2.48 0 0
2.49 0 0
2.5 0 0
2.51 0 0
2.52 0 0
2.53 0 0
2.54 0 0
2.55 0 0
2.56 0 0
2.57 0 0
2.58 0 0
2.59 0 0
2.6 0 0
2.61 0 0
2.62 0 0
2.63 0 0
2.64 0 0
2.65 0 0
2.66 0 0
2.67 0 0
2.68 0 0
2.69 0 0
2.7 0 0
2.71 0 0
2.72 0 0
2.73 0 0
2.74 0 0
2.75 0 0
2.76 0 0
2.77 0 0
2.78 0 0
2.79 0 0
2.8 0 0
2.81 0 0
2.82 0 0
2.83 0 0
2.84 0 0
2.85 0 0
2.86 0 0
2.87 0 0
2.88 0 0
2.89 0 0
2.9 0 0
2.91 0 0
2.92 0 0
2.93 0 0
2.94 0 0
2.95 0 0
2.96 0 0
2.97 0 0
2.98 0 0
2.99 0 0
3 0 0
3.01 0 0
3.02 0 0
3.03 0 0
3.04 0 0
3.05 0 0
3.06 0 0
3.07 0 0
3.08 0 0
3.09 0 0
3.1 0 0
3.11 0 0
3.12 0 0
3.13 0 0
3.14 0 0
3.15 0 0
3.16 0 0
3.17 0 0
3.18 0 0
3.19 0 0
3.2 0 0
3.21 0 0
3.22 0 0
3.23 0 0
3.24 0 0
3.25 0 0
3.26 0 0
3.27 0 0
3.28 0 0
3.29 0 0
3.3 0 0
3.31 0 0
3.32 0 0
3.33 0 0
3.34 0 0
3.35 0 0
3.36 0 0
3.37 0 0
3.38 0 0
3.39 0 0
3.4 0 0
3.41 0 0
3.42 0 0
3.43 0 0
3.44 0 0
3.45 0 0
3.46 0 0
3.47 0 0
3.48 0 0
3.49 0 0
3.5 0 0
3.51 0 0
3.52 0 0
3.53 0 0
3.54 0 0
3.55 0 0
3.56 0 0
3.57 0 0
3.58 0 0
3.59 0 0
3.6 0 0
3.61 0 0
3.62 0 0
3.63 0 0
3.64 0 0
3.65 0 0
3.66 0 0
3.67 0 0
3.68 0 0
3.69 0 0
3.7 0 0
3.71 0 0
3.72 0 0
3.73 0 0
3.74 0 0
3.75 0 0
3.76 0 0
3.77 0 0
3.78 0 0
3.79 0 0
3.8 0 0
3.81 0 0
3.82 0 0
3.83 0 0
3.84 0 0
3.85 0 0
3.86 0 0
3.87 0 0
3.88 0 0
3.89 0 0
3.9 0 0
3.91 0 0
3.92 0 0
3.93 0 0
3.94 0 0
3.95 0 0
3.96 0 0
3.97 0 0
3.98 0 0
3.99 0 0
4 0 0
4.01 0 0
4.02 0 0
4.03 0 0
4.04 0 0
4.05 0 0
4.06 0 0
4.07 0 0
4.08 0 0
4.09 0 0
4.1 0 0
4.11 0 0
4.12 0 0
4.13 0 0
4.14 0 0
4.15 0 0
4.16 0 0
4.17 0 0
4.18 0 0
4.19 0 0
4.2 0 0
4.21 0 0
4.22 0 0
4.23 0 0
4.24 0 0
4.25 0 0
4.26 0 0
4.27 0 0
4.28 0 0
4.29 0 0
4.3 0 0
4.31 0 0
4.32 0 0
4.33 0 0
4.34 0 0
4.35 0 0
4.36 0 0
4.37 0 0
4.38 0 0
4.39 0 0
4.4 0 0
4.41 0 0
4.42 0 0
4.43 0 0
4.44 0 0
4.45 0 0
4.46 0 0
4.47 0 0
4.48 0 0
4.49 0 0
4.5 0 0
4.51 0 0
4.52 0 0
4.53 0 0
4.54 0 0
4.55 0 0
4.56 0 0
4.57 0 0
4.58 0 0
4.59 0 0
4.6 0 0
4.61 0 0
4.62 0 0
4.63 0 0
4.64 0 0
4.65 0 0
4.66 0 0
4.67 0 0
4.68 0 0
4.69 0 0
4.7 0 0
4.71 0 0
4.72 0 0
4.73 0 0
4.74 0 0
4.75 0 0
4.76 0 0
4.77 0 0
4.78 0 0
4.79 0 0
4.8 0 0
4.81 0 0
4.82 0 0
4.83 0 0
4.84 0 0
4.85 0 0
4.86 0 0
4.87 0 0
4.88 0 0
4.89 0 0
4.9 0 0
4.91 0 0
4.92 0 0
4.93 0 0
4.94 0 0
4.95 0 0
4.96 0 0
4.97 0 0
4.98 0 0
4.99 0 0
5 0 0
5.01 0 0
5.02 0 0
5.03 0 0
5.04 0 0
5.05 0 0
5.06 0 0
5.07 0 0
5.08 0 0
5.09 0 0
5.1 0 0
5.11 0 0
5.12 0 0
5.13 0 0
5.14 0 0
5.15 0 0
5.16 0 0
5.17 0 0
5.18 0 0
5.19 0 0
5.2 0 0
5.21 0 0
5.22 0 0
5.23 0 0
5.24 0 0
5.25 0 0
5.26 0 0
5.27 0 0
5.28 0 0
5.29 0 0
5.3 0 0
5.31 0 0
5.32 0 0
5.33 0 0
5.34 0 0
5.35 0 0
5.36 0 0
5.37 0 0
5.38 0 0
5.39 0 0
5.4 0 0
5.41 0 0
5.42 0 0
5.43 0 0
5.44 0 0
5.45 0 0
5.46 0 0
5.47 0 0
5.48 0 0
5.49 0 0
5.5 0 0
5.51 0 0
5.52 0 0
5.53 0 0
5.54 0 0
5.55 0 0
5.56 0 0
5.57 0 0
5.58 0 0
5.59 0 0
5.6 0 0
5.61 0 0
5.62 0 0
5.63 0 0
5.64 0 0
5.65 0 0
5.66 0 0
5.67 0 0
5.68 0 0
5.69 0 0
5.7 0 0
5.71 0 0
5.72 0 0
5.73 0 0
5.74 0 0
5.75 0 0
5.76 0 0
5.77 0 0
5.78 0 0
5.79 0 0
5.8 0 0
5.81 0 0
5.82 0 0
5.83 0 0
5.84 0 0
5.85 0 0
5.86 0 0
5.87 0 0
5.88 0 0
5.89 0 0
5.9 0 0
5.91 0 0
5.92 0 0
5.93 0 0
5.94 0 0
5.95 0 0
5.96 0 0
5.97 0 0
5.98 0 0
5.99 0 0
6 0 0
6.01 0 0
6.02 0 0
6.03 0 0
6.04 0 0
6.05 0 0
6.06 0 0
6.07 0 0
6.08 0 0
6.09 0 0
6.1 0 0
6.11 0 0
6.12 0 0
6.13 0 0
6.14 0 0
6.15 0 0
6.16 0 0
6.17 0 0
6.18 0 0
6.19 0 0
6.2 0 0
6.21 0 0
6.22 0 0
6.23 0 0
6.24 0 0
6.25 0 0
6.26 0 0
6.27 0 0
6.28 0 0
6.29 0 0
6.3 0 0
6.31 0 0
6.32 0 0
6.33 0 0
6.34 0 0
6.35 0 0
6.36 0 0
6.37 0 0
6.38 0 0
6.39 0 0
6.4 0 0
6.41 0 0
6.42 0 0
6.43 0 0
6.44 0 0
6.45 0 0
6.46 0 0
6.47 0 0
6.48 0 0
6.49 0 0
6.5 0 0
6.51 0 0
6.52 0 0
6.53 0 0
6.54 0 0
6.55 0 0
6.56 0 0
6.57 0 0
6.58 0 0
6.59 0 0
6.6 0 0
6.61 0 0
6.62 0 0
6.63 0 0
6.64 0 0
6.65 0 0
6.66 0 0
6.67 0 0
6.68 0 0
6.69 0 0
6.7 0 0
6.71 0 0
6.72 0 0
6.73 0 0
6.74 0 0
6.75 0 0
6.76 0 0
6.77 0 0
6.78 0 0
6.79 0 0
6.8 0 0
6.81 0 0
6.82 0 0
6.83 0 0
6.84 0 0
6.85 0 0
6.86 0 0
6.87 0 0
6.88 0 0
6.89 0 0
6.9 0 0
6.91 0 0
6.92 0 0
6.93 0 0
6.94 0 0
6.95 0 0
6.96 0 0
6.97 0 0
6.98 0 0
6.99 0 0
7 0 0
7.01 0 0
7.02 0 0
7.03 0 0
7.04 0 0
7.05 0 0
7.06 0 0
7.07 0 0
7.08 0 0
7.09 0 0
7.1 0 0
7.11 0 0
7.12 0 0
7.13 0 0
7.14 0 0
7.15 0 0
7.16 0 0
7.17 0 0
7.18 0 0
7.19 0 0
7.2 0 0
7.21 0 0
7.22 0 0
7.23 0 0
7.24 0 0
7.25 0 0
7.26 0 0
7.27 0 0
7.28 0 0
7.29 0 0
7.3 0 0
7.31 0 0
7.32 0 0
7.33 0 0
7.34 0 0
7.35 0 0
7.36 0 0
7.37 0 0
7.38 0 0
7.39 0 0
7.4 0 0
7.41 0 0
7.42 0 0
7.43 0 0
7.44 0 0
7.45 0 0
7.46 0 0
7.47 0 0
7.48 0 0
7.49 0 0
7.5 0 0
7.51 0 0
7.52 0 0
7.53 0 0
7.54 0 0
7.55 0 0
7.56 0 0
7.57 0 0
7.58 0 0
7.59 0 0
7.6 0 0
7.61 0 0
7.62 0 0
7.63 0 0
7.64 0 0
7.65 0 0
7.66 0 0
7.67 0 0
7.68 0 0
7.69 0 0
7.7 0 0
7.71 0 0
7.72 0 0
7.73 0 0
7.74 0 0
7.75 0 0
7.76 0 0
7.77 0 0
7.78 0 0
7.79 0 0
7.8 0 0
7.81 0 0
7.82 0 0
7.83 0 0
7.84 0 0
7.85 0 0
7.86 0 0
7.87 0 0
7.88 0 0
7.89 0 0
7.9 0 0
7.91 0 0
7.92 0 0
7.93 0 0
7.94 0 0
7.95 0 0
7.96 0 0
7.97 0 0
7.98 0 0
7.99 0 0
8 0 0
8.01 0 0
8.02 0 0
8.03 0 0
8.04 0 0
8.05 0 0
8.06 0 0
8.07 0 0
8.08 0 0
8.09 0 0
8.1 0 0
8.11 0 0
8.12 0 0
8.13 0 0
8.14 0 0
8.15 0 0
8.16 0 0
8.17 0 0
8.18 0 0
8.19 0 0
8.2 0 0
8.21 0 0
8.22 0 0
8.23 0 0
8.24 0 0
8.25 0 0
8.26 0 0
8.27 0 0
8.28 0 0
8.29 0 0
8.3 0 0
8.31 0 0
8.32 0 0
8.33 0 0
8.34 0 0
8.35 0 0
8.36 0 0
8.37 0 0
8.38 0 0
8.39 0 0
8.4 0 0
8.41 0 0
8.42 0 0
8.43 0 0
8.44 0 0
8.45 0 0
8.46 0 0
8.47 0 0
8.48 0 0
8.49 0 0
8.5 0 0
8.51 0 0
8.52 0 0
8.53 0 0
8.54 0 0
8.55 0 0
8.56 0 0
8.57 0 0
8.58 0 0
8.59 0 0
8.6 0 0
8.61 0 0
8.62 0 0
8.63 0 0
8.64 0 0
8.65 0 0
8.66 0 0
8.67 0 0
8.68 0 0
8.69 0 0
8.7 0 0
8.71 0 0
8.72 0 0
8.73 0 0
8.74 0 0
8.75 0 0
8.76 0 0
8.77 0 0
8.78 0 0
8.79 0 0
8.8 0 0
8.81 0 0
8.82 0 0
8.83 0 0
8.84 0 0
8.85 0 0
8.86 0 0
8.87 0 0
8.88 0 0
8.89 0 0
8.9 0 0
8.91 0 0
8.92 0 0
8.93 0 0
8.94 0 0
8.95 0 0
8.96 0 0
8.97 0 0
8.98 0 0
8.99 0 0
9 0 0
9.01 0 0
9.02 0 0
9.03 0 0
9.04 0 0
9.05 0 0
9.06 0 0
9.07 0 0
9.08 0 0
9.09 0 0
9.1 0 0
9.11 0 0
9.12 0 0
9.13 0 0
9.14 0 0
9.15 0 0
9.16 0 0
9.17 0 0
9.18 0 0
9.19 0 0
9.2 0 0
9.21 0 0
9.22 0 0
9.23 0 0
9.24 0 0
9.25 0 0
9.26 0 0
9.27 0 0
9.28 0 0
9.29 0 0
9.3 0 0
9.31 0 0
9.32 0 0
9.33 0 0
9.34 0 0
9.35 0 0
9.36 0 0
9.37 0 0
9.38 0 0
9.39 0 0
9.4 0 0
9.41 0 0
9.42 0 0
9.43 0 0
9.44 0 0
9.45 0 0
9.46 0 0
9.47 0 0
9.48 0 0
9.49 0 0
9.5 0 0
9.51 0 0
9.52 0 0
9.53 0 0
9.54 0 0
9.55 0 0
9.56 0 0
9.57 0 0
9.58 0 0
9.59 0 0
9.6 0 0
9.61 0 0
9.62 0 0
9.63 0 0
9.64 0 0
9.65 0 0
9.66 0 0
9.67 0 0
9.68 0 0
9.69 0 0
9.7 0 0
9.71 0 0
9.72 0 0
9.73 0 0
9.74 0 0
9.75 0 0
9.76 0 0
9.77 0 0
9.78 0 0
9.79 0 0
9.8 0 0
9.81 0 0
9.82 0 0
9.83 0 0
9.84 0 0
9.85 0 0
9.86 0 0
9.87 0 0
9.88 0 0
9.89 0 0
9.9 0 0
9.91 0 0
9.92 0 0
9.93 0 0
9.94 0 0
9.95 0 0
9.96 0 0
9.97 0 0
9.98 0 0
9.99 0 0
10 0 0
10.01 0 0
10.02 0 0
10.03 0 0
10.04 0 0
10.05 0 0
10.06 0 0
10.07 0 0
10.08 0 0
10.09 0 0
10.1 0 0
10.11 0 0
10.12 0 0
10.13 0 0
10.14 0 0
10.15 0 0
10.16 0 0
10.17 0 0
10.18 0 0
10.19 0 0
10.2 0 0
10.21 0 0
10.22 0 0
10.23 0 0
10.24 0 0
10.25 0 0
10.26 0 0
10.27 0 0
10.28 0 0
10.29 0 0
10.3 0 0
10.31 0 0
10.32 0 0
10.33 0 0
10.34 0 0
10.35 0 0
10.36 0 0
10.37 0 0
10.38 0 0
10.39 0 0
10.4 0 0
10.41 0 0
10.42 0 0
10.43 0 0
10.44 0 0
10.45 0 0
10.46 0 0
10.47 0 0
10.48 0 0
10.49 0 0
10.5 0 0
10.51 0 0
10.52 0 0
10.53 0 0
10.54 0 0
10.55 0 0
10.56 0 0
10.57 0 0
10.58 0 0
10.59 0 0
10.6 0 0
10.61 0 0
10.62 0 0
10.63 0 0
10.64 0 0
10.65 0 0
10.66 0 0
10.67 0 0
10.68 0 0
10.69 0 0
10.7 0 0
10.71 0 0
10.72 0 0
10.73 0 0
10.74 0 0
10.75 0 0
10.76 0 0
10.77 0 0
10.78 0 0
10.79 0 0
10.8 0 0
10.81 0 0
10.82 0 0
10.83 0 0
10.84 0 0
10.85 0 0
10.86 0 0
10.87 0 0
10.88 0 0
10.89 0 0
10.9 0 0
10.91 0 0
10.92 0 0
10.93 0 0
10.94 0 0
10.95 0 0
10.96 0 0
10.97 0 0
10.98 0 0
10.99 0 0
11 0 0
11.01 0 0
11.02 0 0
11.03 0 0
11.04 0 0
11.05 0 0
11.06 0 0
11.07 0 0
11.08 0 0
11.09 0 0
11.1 0 0
11.11 0 0
11.12 0 0
11.13 0 0
11.14 0 0
11.15 0 0
11.16 0 0
11.17 0 0
11.18 0 0
11.19 0 0
11.2 0 0
11.21 0 0
11.22 0 0
11.23 0 0
11.24 0 0
11.25 0 0
11.26 0 0
11.27 0 0
11.28 0 0
11.29 0 0
11.3 0 0
11.31 0 0
11.32 0 0
11.33 0 0
11.34 0 0
11.35 0 0
11.36 0 0
11.37 0 0
11.38 0 0
11.39 0 0
11.4 0 0
11.41 0 0
11.42 0 0
11.43 0 0
11.44 0 0
11.45 0 0
11.46 0 0
11.47 0 0
11.48 0 0
11.49 0 0
11.5 0 0
11.51 0 0
11.52 0 0
11.53 0 0
11.54 0 0
11.55 0 0
11.56 0 0
11.57 0 0
11.58 0 0
11.59 0 0
11.6 0 0
11.61 0 0
11.62 0 0
11.63 0 0
11.64 0 0
11.65 0 0
11.66 0 0
11.67 0 0
11.68 0 0
11.69 0 0
11.7 0 0
11.71 0 0
11.72 0 0
11.73 0 0
11.74 0 0
11.75 0 0
11.76 0 0
11.77 0 0
11.78 0 0
11.79 0 0
11.8 0 0
11.81 0 0
11.82 0 0
11.83 0 0
11.84 0 0
11.85 0 0
11.86 0 0
11.87 0 0
11.88 0 0
11.89 0 0
11.9 0 0
11.91 0 0
11.92 0 0
11.93 0 0
11.94 0 0
11.95 0 0
11.96 0 0
11.97 0 0
11.98 0 0
11.99 0 0
12 0 0
12.01 0 0
12.02 0 0
12.03 0 0
12.04 0 0
12.05 0 0
12.06 0 0
12.07 0 0
12.08 0 0
12.09 0 0
12.1 0 0
12.11 0 0
12.12 0 0
12.13 0 0
12.14 0 0
12.15 0 0
12.16 0 0
12.17 0 0
12.18 0 0
12.19 0 0
12.2 0 0
12.21 0 0
12.22 0 0
12.23 0 0
12.24 0 0
12.25 0 0
12.26 0 0
12.27 0 0
12.28 0 0
12.29 0 0
12.3 0 0
12.31 0 0
12.32 0 0
12.33 0 0
12.34 0 0
12.35 0 0
12.36 0 0
12.37 0 0
12.38 0 0
12.39 0 0
12.4 0 0
12.41 0 0
12.42 0 0
12.43 0 0
12.44 0 0
12.45 0 0
12.46 0 0
12.47 0 0
12.48 0 0
12.49 0 0
12.5 0 0
12.51 0 0
12.52 0 0
12.53 0 0
12.54 0 0
12.55 0 0
12.56 0 0
12.57 0 0
12.58 0 0
12.59 0 0
12.6 0 0
12.61 0 0
12.62 0 0
12.63 0 0
12.64 0 0
12.65 0 0
12.66 0 0
12.67 0 0
12.68 0 0
12.69 0 0
12.7 0 0
12.71 0 0
12.72 0 0
12.73 0 0
12.74 0 0
12.75 0 0
12.76 0 0
12.77 0 0
12.78 0 0
12.79 0 0
12.8 0 0
12.81 0 0
12.82 0 0
12.83 0 0
12.84 0 0
12.85 0 0
12.86 0 0
12.87 0 0
12.88 0 0
12.89 0 0
12.9 0 0
12.91 0 0
12.92 0 0
12.93 0 0
12.94 0 0
12.95 0 0
12.96 0 0
12.97 0 0
12.98 0 0
12.99 0 0
13 0 0
13.01 0 0
13.02 0 0
13.03 0 0
13.04 0 0
13.05 0 0
13.06 0 0
13.07 0 0
13.08 0 0
13.09 0 0
13.1 0 0
13.11 0 0
13.12 0 0
13.13 0 0
13.14 0 0
13.15 0 0
13.16 0 0
13.17 0 0
13.18 0 0
13.19 0 0
13.2 0 0
13.21 0 0
13.22 0 0
13.23 0 0
13.24 0 0
13.25 0 0
13.26 0 0
13.27 0 0
13.28 0 0
13.29 0 0
13.3 0 0
13.31 0 0
13.32 0 0
13.33 0 0
13.34 0 0
13.35 0 0
13.36 0 0
13.37 0 0
13.38 0 0
13.39 0 0
13.4 0 0
13.41 0 0
13.42 0 0
13.43 0 0
13.44 0 0
13.45 0 0
13.46 0 0
13.47 0 0
13.48 0 0
13.49 0 0
13.5 0 0
13.51 0 0
13.52 0 0
13.53 0 0
13.54 0 0
13.55 0 0
13.56 0 0
13.57 0 0
13.58 0 0
13.59 0 0
13.6 0 0
13.61 0 0
13.62 0 0
13.63 0 0
13.64 0 0
13.65 0 0
13.66 0 0
13.67 0 0
13.68 0 0
13.69 0 0
13.7 0 0
13.71 0 0
13.72 0 0
13.73 0 0
13.74 0 0
13.75 0 0
13.76 0 0
13.77 0 0
13.78 0 0
13.79 0 0
13.8 0 0
13.81 0 0
13.82 0 0
13.83 0 0
13.84 0 0
13.85 0 0
13.86 0 0
13.87 0 0
13.88 0 0
13.89 0 0
13.9 0 0
13.91 0 0
13.92 0 0
13.93 0 0
13.94 0 0
13.95 0 0
13.96 0 0
13.97 0 0
13.98 0 0
13.99 0 0
14 0 0
14.01 0 0
14.02 0 0
14.03 0 0
14.04 0 0
14.05 0 0
14.06 0 0
14.07 0 0
14.08 0 0
14.09 0 0
14.1 0 0
14.11 0 0
14.12 0 0
14.13 0 0
14.14 0 0
14.15 0 0
14.16 0 0
14.17 0 0
14.18 0 0
14.19 0 0
14.2 0 0
14.21 0 0
14.22 0 0
14.23 0 0
14.24 0 0
14.25 0 0
14.26 0 0
14.27 0 0
14.28 0 0
14.29 0 0
14.3 0 0
14.31 0 0
14.32 0 0
14.33 0 0
14.34 0 0
14.35 0 0
14.36 0 0
14.37 0 0
14.38 0 0
14.39 0 0
14.4 0 0
14.41 0 0
14.42 0 0
14.43 0 0
14.44 0 0
14.45 0 0
14.46 0 0
14.47 0 0
14.48 0 0
14.49 0 0
14.5 0 0
14.51 0 0
14.52 0 0
14.53 0 0
14.54 0 0
14.55 0 0
14.56 0 0
14.57 0 0
14.58 0 0
14.59 0 0
14.6 0 0
14.61 0 0
14.62 0 0
14.63 0 0
14.64 0 0
14.65 0 0
14.66 0 0
14.67 0 0
14.68 0 0
14.69 0 0
14.7 0 0
14.71 0 0
14.72 0 0
14.73 0 0
14.74 0 0
14.75 0 0
14.76 0 0
14.77 0 0
14.78 0 0
14.79 0 0
14.8 0 0
14.81 0 0
14.82 0 0
14.83 0 0
14.84 0 0
14.85 0 0
14.86 0 0
14.87 0 0
14.88 0 0
14.89 0 0
14.9 0 0
14.91 0 0
14.92 0 0
14.93 0 0
14.94 0 0
14.95 0 0
14.96 0 0
14.97 0 0
14.98 0 0
14.99 0 0
15 0 0
15.01 0 0
15.02 0 0
15.03 0 0
15.04 0 0
15.05 0 0
15.06 0 0
15.07 0 0
15.08 0 0
15.09 0 0
15.1 0 0
15.11 0 0
15.12 0 0
15.13 0 0
15.14 0 0
15.15 0 0
15.16 0 0
15.17 0 0
15.18 0 0
15.19 0 0
15.2 0 0
15.21 0 0
15.22 0 0
15.23 0 0
15.24 0 0
15.25 0 0
15.26 0 0
15.27 0 0
15.28 0 0
15.29 0 0
15.3 0 0
15.31 0 0
15.32 0 0
15.33 0 0
15.34 0 0
15.35 0 0
15.36 0 0
15.37 0 0
15.38 0 0
15.39 0 0
15.4 0 0
15.41 0 0
15.42 0 0
15.43 0 0
15.44 0 0
15.45 0 0
15.46 0 0
15.47 0 0
15.48 0 0
15.49 0 0
15.5 0 0
15.51 0 0
15.52 0 0
15.53 0 0
15.54 0 0
15.55 0 0
15.56 0 0
15.57 0 0
15.58 0 0
15.59 0 0
15.6 0 0
15.61 0 0
15.62 0 0
15.63 0 0
15.64 0 0
15.65 0 0
15.66 0 0
15.67 0 0
15.68 0 0
15.69 0 0
15.7 0 0
15.71 0 0
15.72 0 0
15.73 0 0
15.74 0 0
15.75 0 0
15.76 0 0
15.77 0 0
15.78 0 0
15.79 0 0
15.8 0 0
15.81 0 0
15.82 0 0
15.83 0 0
15.84 0 0
15.85 0 0
15.86 0 0
15.87 0 0
15.88 0 0
15.89 0 0
15.9 0 0
15.91 0 0
15.92 0 0
15.93 0 0
15.94 0 0
15.95 0 0
15.96 0 0
15.97 0 0
15.98 0 0
15.99 0 0
16 0 0
16.01 0 0
16.02 0 0
16.03 0 0
16.04 0 0
16.05 0 0
16.06 0 0
16.07 0 0
16.08 0 0
16.09 0 0
16.1 0 0
16.11 0 0
16.12 0 0
16.13 0 0
16.14 0 0
16.15 0 0
16.16 0 0
16.17 6.80792e-16 2.70319e-39
16.18 6.77557e-16 1.07614e-38
16.19 6.73977e-16 2.40898e-38
16.2 6.70057e-16 4.25933e-38
16.21 6.65801e-16 6.61666e-38
16.22 6.61214e-16 9.46951e-38
16.23 6.563e-16 1.28055e-37
16.24 6.51065e-16 1.66113e-37
16.25 6.45514e-16 2.08728e-37
16.26 6.39652e-16 2.5575e-37
16.27 6.33485e-16 3.07023e-37
16.28 6.2702e-16 3.62383e-37
16.29 6.20262e-16 4.21658e-37
16.3 6.13218e-16 4.84671e-37
16.31 6.05895e-16 5.5124e-37
16.32 5.98299e-16 6.21177e-37
16.33 5.90438e-16 6.94288e-37
16.34 5.82319e-16 7.70377e-37
16.35 5.73949e-16 8.49242e-37
16.36 5.65336e-16 9.30681e-37
16.37 5.56488e-16 1.01449e-36
16.38 5.47413e-16 1.10045e-36
16.39 5.3812e-16 1.18836e-36
16.4 5.28616e-16 1.27801e-36
16.41 5.1891e-16 1.36918e-36
16.42 5.09011e-16 1.46166e-36
16.43 4.98928e-16 1.55524e-36
16.44 4.88669e-16 1.64972e-36
16.45 4.78245e-16 1.74487e-36
16.46 4.67663e-16 1.8405e-36
16.47 4.56934e-16 1.9364e-36
16.48 4.46067e-16 2.03237e-36
16.49 4.35072e-16 2.12821e-36
16.5 4.23957e-16 2.22373e-36
16.51 8.25467e-16 2.41571e-36
16.52 8.02821e-16 2.61006e-36
16.53 7.79997e-16 2.80608e-36
16.54 7.57013e-16 3.00311e-36
16.55 7.33889e-16 3.2005e-36
16.56 7.10646e-16 3.39762e-36
16.57 6.87304e-16 3.59388e-36
16.58 6.63883e-16 3.78868e-36
16.59 6.40402e-16 3.98146e-36
16.6 6.16883e-16 4.17168e-36
16.61 5.93343e-16 4.35884e-36
16.62 5.69805e-16 4.54243e-36
16.63 5.46287e-16 4.722e-36
16.64 5.22809e-16 4.89712e-36
16.65 4.99392e-16 5.06736e-36
16.66 4.76053e-16 5.23236e-36
16.67 6.7922e-16 5.47235e-36
16.68 6.44538e-16 5.70507e-36
16.69 6.10061e-16 5.9298e-36
16.7 5.75817e-16 6.14589e-36
16.71 5.41834e-16 6.35277e-36
16.72 5.08141e-16 6.54989e-36
16.73 4.74762e-16 6.73678e-36
16.74 4.41726e-16 6.91303e-36
16.75 4.09058e-16 7.07828e-36
16.76 3.76784e-16 7.23221e-36
16.77 3.44929e-16 7.37458e-36
16.78 4.18022e-16 7.54898e-36
16.79 3.76762e-16 7.70791e-36
16.8 3.36156e-16 7.85111e-36
16.81 2.96234e-16 7.9784e-36
16.82 2.57026e-16 8.08966e-36
16.83 2.18559e-16 8.18488e-36
16.84 1.80861e-16 8.2641e-36
16.85 1.43959e-16 8.32743e-36
16.86 1.34848e-16 8.38697e-36
16.87 9.08044e-17 8.42718e-36
16.88 4.78471e-17 8.44841e-36
16.89 6.00403e-18 8.45107e-36
16.9 3.46982e-17 8.43567e-36
16.91 7.42345e-17 8.40278e-36
16.92 1.35097e-16 8.34307e-36
16.93 1.79659e-16 8.26401e-36
16.94 2.22742e-16 8.16651e-36
16.95 2.64322e-16 8.05155e-36
16.96 3.04379e-16 7.92019e-36
16.97 4.00041e-16 7.74919e-36
16.98 4.43154e-16 7.56194e-36
16.99 4.84427e-16 7.35987e-36
17 5.23845e-16 7.14444e-36
17.01 5.61394e-16 6.91712e-36
17.02 6.82356e-16 6.64577e-36
17.03 7.2096e-16 6.36498e-36
17.04 7.57395e-16 6.07653e-36
17.05 7.91656e-16 5.78218e-36
17.06 9.26707e-16 5.44692e-36
17.07 9.60351e-16 5.11005e-36
17.08 9.91547e-16 4.77353e-36
17.09 1.13367e-15 4.40284e-36
17.1 1.16291e-15 4.03816e-36
17.11 1.18946e-15 3.68148e-36
17.12 1.33466e-15 3.30091e-36
17.13 1.35798e-15 2.93503e-36
17.14 1.37841e-15 2.58564e-36
17.15 1.52286e-15 2.22541e-36
17.16 1.53889e-15 1.88888e-36
17.17 1.55184e-15 1.57749e-36
17.18 1.69192e-15 1.27002e-36
17.19 1.69942e-15 9.94796e-37
17.2 1.8348e-15 7.35479e-37
17.21 1.83607e-15 5.15299e-37
17.22 1.96501e-15 3.23227e-37
17.23 1.95932e-15 1.76564e-37
17.24 2.08022e-15 6.98702e-38
17.25 2.06693e-15 1.38602e-38
17.26 2.1783e-15 8.77546e-39
17.27 2.15687e-15 5.82844e-38
17.28 2.25734e-15 1.68224e-37
17.29 2.22731e-15 3.34969e-37
17.3 2.31566e-15 5.69693e-37
17.31 2.27668e-15 8.61454e-37
17.32 2.35182e-15 1.22634e-36
17.33 2.41881e-15 1.66894e-36
17.34 2.36466e-15 2.1676e-36
17.35 2.41696e-15 2.74471e-36
17.36 2.4602e-15 3.40213e-36
17.37 2.49409e-15 4.14069e-36
17.38 2.41762e-15 4.92587e-36
17.39 2.43535e-15 5.78575e-36
17.4 2.44315e-15 6.71791e-36
17.41 2.44083e-15 7.71872e-36
17.42 2.42825e-15 8.78334e-36
17.43 2.32235e-15 9.86589e-36
17.44 2.2928e-15 1.09964e-35
17.45 2.25281e-15 1.21669e-35
17.46 2.20235e-15 1.33684e-35
17.47 2.14142e-15 1.4591e-35
17.48 2.07005e-15 1.58236e-35
17.49 2.04678e-15 1.70916e-35
17.5 1.95042e-15 1.83453e-35
17.51 1.84384e-15 1.95713e-35
17.52 1.72718e-15 2.07558e-35
17.53 1.60063e-15 2.18845e-35
17.54 1.46439e-15 2.29433e-35
17.55 1.35085e-15 2.39422e-35
17.56 1.1915e-15 2.4841e-35
17.57 1.04649e-15 2.5644e-35
17.58 8.65167e-16 2.63176e-35
17.59 6.75593e-16 2.68496e-35
17.6 4.88089e-16 2.72373e-35
17.61 2.84306e-16 2.74644e-35
17.62 6.35288e-17 2.75152e-35
17.63 1.66939e-16 2.73817e-35
17.64 4.12088e-16 2.70533e-35
17.65 6.5972e-16 2.65317e-35
17.66 9.28162e-16 2.58065e-35
17.67 1.20936e-15 2.48767e-35
17.68 1.5026e-15 2.37451e-35
17.69 1.80711e-15 2.24192e-35
17.7 2.1221e-15 2.09107e-35
17.71 2.48223e-15 1.92129e-35
17.72 2.81942e-15 1.73717e-35
17.73 3.16448e-15 1.54156e-35
17.74 3.56279e-15 1.3353e-35
17.75 3.92431e-15 1.12525e-35
17.76 4.34385e-15 9.13695e-36
17.77 4.71772e-15 7.08865e-36
17.78 5.15387e-15 5.14772e-36
17.79 5.59802e-15 3.39057e-36
17.8 6.04885e-15 1.90283e-36
17.81 6.50502e-15 7.79182e-37
17.82 6.96517e-15 1.23271e-37
17.83 7.42796e-15 4.73412e-38
17.84 7.89201e-15 6.71848e-37
17.85 8.43333e-15 2.14219e-36
17.86 8.89791e-15 4.59297e-36
17.87 9.44093e-15 8.20312e-36
17.88 9.98327e-15 1.31517e-35
17.89 1.05232e-14 1.96265e-35
17.9 1.1059e-14 2.7823e-35
17.91 1.15889e-14 3.7943e-35
17.92 1.21112e-14 5.01933e-35
17.93 1.26243e-14 6.4784e-35
17.94 1.32178e-14 8.20526e-35
17.95 1.38004e-14 1.02257e-34
17.96 1.43703e-14 1.25657e-34
17.97 1.49255e-14 1.52511e-34
17.98 1.54641e-14 1.83076e-34
17.99 1.59842e-14 2.176e-34
18 1.65784e-14 2.56555e-34
18.01 1.70564e-14 2.9998e-34
18.02 1.76048e-14 3.4836e-34
18.03 1.81274e-14 4.01954e-34
18.04 1.86224e-14 4.61003e-34
18.05 1.91809e-14 5.26052e-34
18.06 1.9707e-14 5.97354e-34
18.07 2.01068e-14 6.74772e-34
18.08 2.06538e-14 7.59206e-34
18.09 2.10708e-14 8.50472e-34
18.1 2.1537e-14 9.49109e-34
18.11 2.18715e-14 1.05481e-33
18.12 2.22495e-14 1.16807e-33
18.13 2.26656e-14 1.28939e-33
18.14 2.29463e-14 1.41831e-33
18.15 2.32591e-14 1.55525e-33
18.16 2.35171e-14 1.70013e-33
18.17 2.37977e-14 1.8533e-33
18.18 2.40174e-14 2.01459e-33
18.19 2.41747e-14 2.18372e-33
18.2 2.42686e-14 2.36037e-33
18.21 2.43691e-14 2.54467e-33
18.22 2.44001e-14 2.73613e-33
18.23 2.44275e-14 2.93477e-33
18.24 2.43794e-14 3.13995e-33
18.25 2.42553e-14 3.35097e-33
18.26 2.40548e-14 3.56702e-33
18.27 2.38349e-14 3.78776e-33
18.28 2.35885e-14 4.01273e-33
18.29 2.32555e-14 4.24088e-33
18.3 2.28362e-14 4.47105e-33
18.31 2.23784e-14 4.70251e-33
18.32 2.18301e-14 4.93393e-33
18.33 2.12342e-14 5.16436e-33
18.34 2.05444e-14 5.3923e-33
18.35 1.97987e-14 5.61664e-33
18.36 1.89906e-14 5.8361e-33
18.37 1.8082e-14 6.04898e-33
18.38 1.70749e-14 6.2535e-33
18.39 1.59976e-14 6.4482e-33
18.4 1.48444e-14 6.63154e-33
18.41 1.3589e-14 6.80162e-33
18.42 1.22526e-14 6.95682e-33
18.43 1.08304e-14 7.09546e-33
18.44 9.31791e-15 7.21583e-33
18.45 7.70063e-15 7.31608e-33
18.46 5.99046e-15 7.39454e-33
18.47 4.17872e-15 7.44952e-33
18.48 2.27561e-15 7.47954e-33
18.49 2.70433e-16 7.48311e-33
18.5 1.83366e-15 7.45891e-33
18.51 4.03837e-15 7.40574e-33
18.52 6.34494e-15 7.3226e-33
18.53 8.75412e-15 7.20866e-33
18.54 1.12662e-14 7.06333e-33
18.55 1.38809e-14 6.88632e-33
18.56 1.65975e-14 6.67763e-33
18.57 1.94147e-14 6.43758e-33
18.58 2.23308e-14 6.16693e-33
18.59 2.53435e-14 5.86682e-33
18.6 2.84499e-14 5.53885e-33
18.61 3.16725e-14 5.18485e-33
18.62 3.49854e-14 4.80744e-33
18.63 3.83839e-14 4.40979e-33
18.64 4.1894e-14 3.99541e-33
18.65 4.54498e-14 3.56902e-33
18.66 4.91427e-14 3.13512e-33
18.67 5.28684e-14 2.69979e-33
18.68 5.67261e-14 2.26897e-33
18.69 6.06014e-14 1.8502e-33
18.7 6.46003e-14 1.451e-33
18.71 6.86399e-14 1.0802e-33
18.72 7.27524e-14 7.47197e-34
18.73 7.68882e-14 4.62396e-34
18.74 8.1124e-14 2.36697e-34
18.75 8.53652e-14 8.21182e-35
18.76 8.96454e-14 1.13234e-35
18.77 9.40007e-14 3.7805e-35
18.78 9.83295e-14 1.7584e-34
18.79 1.02713e-13 4.40502e-34
18.8 1.07045e-13 8.47322e-34
18.81 1.11409e-13 1.41271e-33
18.82 1.15792e-13 2.15383e-33
18.83 1.20133e-13 3.08807e-33
18.84 1.24417e-13 4.23312e-33
18.85 1.28678e-13 5.60737e-33
18.86 1.329e-13 7.22953e-33
18.87 1.37021e-13 9.11773e-33
18.88 1.4107e-13 1.12906e-32
18.89 1.4508e-13 1.37674e-32
18.9 1.48937e-13 1.65655e-32
18.91 1.52717e-13 1.97033e-32
18.92 1.56307e-13 2.31966e-32
18.93 1.59781e-13 2.70622e-32
18.94 1.6312e-13 3.13158e-32
18.95 1.66255e-13 3.59706e-32
18.96 1.69211e-13 4.10393e-32
18.97 1.71967e-13 4.65327e-32
18.98 1.74454e-13 5.24581e-32
18.99 1.76738e-13 5.88231e-32
19 1.78751e-13 6.56312e-32
19.01 1.80469e-13 7.28829e-32
19.02 1.81909e-13 8.0577e-32
19.03 1.83006e-13 8.87069e-32
19.04 1.8381e-13 9.72658e-32
19.05 1.84219e-13 1.06239e-31
19.06 1.84245e-13 1.1561e-31
19.07 1.83862e-13 1.25355e-31
19.08 1.83077e-13 1.35451e-31
19.09 1.81859e-13 1.45867e-31
19.1 1.8015e-13 1.56565e-31
19.11 1.77954e-13 1.67505e-31
19.12 1.75241e-13 1.78638e-31
19.13 1.72013e-13 1.89915e-31
19.14 1.68211e-13 2.01277e-31
19.15 1.63835e-13 2.12659e-31
19.16 1.58876e-13 2.23997e-31
19.17 1.53261e-13 2.35212e-31
19.18 1.47004e-13 2.46227e-31
19.19 1.40059e-13 2.56956e-31
19.2 1.32432e-13 2.67311e-31
19.21 1.24061e-13 2.77197e-31
19.22 1.14965e-13 2.86518e-31
19.23 1.05085e-13 2.95173e-31
19.24 9.43993e-14 3.03058e-31
19.25 8.29121e-14 3.10069e-31
19.26 7.05761e-14 3.16099e-31
19.27 5.73751e-14 3.21045e-31
19.28 4.32847e-14 3.24801e-31
19.29 2.82858e-14 3.27267e-31
19.3 1.2353e-14 3.28347e-31
19.31 4.53122e-15 3.27951e-31
19.32 2.23903e-14 3.25996e-31
19.33 4.12446e-14 3.2241e-31
19.34 6.11116e-14 3.17134e-31
19.35 8.20121e-14 3.10121e-31
19.36 1.03961e-13 3.01345e-31
19.37 1.26981e-13 2.90797e-31
19.38 1.51084e-13 2.78492e-31
19.39 1.76291e-13 2.64471e-31
19.4 2.02611e-13 2.48805e-31
19.41 2.30052e-13 2.31599e-31
19.42 2.58645e-13 2.12992e-31
19.43 2.88362e-13 1.93169e-31
19.44 3.1927e-13 1.72353e-31
19.45 3.51314e-13 1.50823e-31
19.46 3.84545e-13 1.28909e-31
19.47 4.18956e-13 1.06999e-31
19.48 4.54537e-13 8.55447e-32
19.49 4.91321e-13 6.5067e-32
19.5 5.29269e-13 4.61604e-32
19.51 5.68384e-13 2.94975e-32
19.52 6.08696e-13 1.58342e-32
19.53 6.50152e-13 6.01654e-33
19.54 6.92778e-13 9.8435e-34
19.55 7.36541e-13 1.77752e-33
19.56 7.81433e-13 9.54079e-33
19.57 8.27476e-13 2.55299e-32
19.58 8.74593e-13 5.11155e-32
19.59 9.22766e-13 8.77876e-32
19.6 9.72007e-13 1.37163e-31
19.61 1.02229e-12 2.00987e-31
19.62 1.07356e-12 2.8114e-31
19.63 1.12578e-12 3.79637e-31
19.64 1.17895e-12 4.98638e-31
19.65 1.23299e-12 6.40444e-31
19.66 1.28786e-12 8.075e-31
19.67 1.34358e-12 1.00241e-30
19.68 1.40002e-12 1.22791e-30
19.69 1.45717e-12 1.48691e-30
19.7 1.51495e-12 1.78244e-30
19.71 1.57333e-12 2.1177e-30
19.72 1.63224e-12 2.49604e-30
19.73 1.6916e-12 2.92093e-30
19.74 1.75133e-12 3.39599e-30
19.75 1.81136e-12 3.92497e-30
19.76 1.87165e-12 4.51177e-30
19.77 1.93208e-12 5.16037e-30
19.78 1.99259e-12 5.8749e-30
19.79 2.05305e-12 6.65954e-30
19.8 2.11336e-12 7.51859e-30
19.81 2.17349e-12 8.45641e-30
19.82 2.23327e-12 9.47741e-30
19.83 2.2926e-12 1.0586e-29
19.84 2.35141e-12 1.17868e-29
19.85 2.40955e-12 1.30841e-29
19.86 2.46692e-12 1.44825e-29
19.87 2.52336e-12 1.59862e-29
19.88 2.57873e-12 1.75997e-29
19.89 2.63296e-12 1.93271e-29
19.9 2.68583e-12 2.11724e-29
19.91 2.73729e-12 2.31397e-29
19.92 2.78709e-12 2.52325e-29
19.93 2.83514e-12 2.74543e-29
19.94 2.88129e-12 2.98082e-29
19.95 2.92531e-12 3.22971e-29
19.96 2.96712e-12 3.49235e-29
19.97 3.00648e-12 3.76893e-29
19.98 3.04327e-12 4.05963e-29
19.99 3.07725e-12 4.36455e-29
20 3.10825e-12 4.68374e-29
20.01 3.13612e-12 5.01721e-29
20.02 3.16063e-12 5.36487e-29
20.03 3.18159e-12 5.72659e-29
20.04 3.19878e-12 6.10215e-29
20.05 3.21202e-12 6.49126e-29
20.06 3.22107e-12 6.89354e-29
20.07 3.22577e-12 7.3085e-29
20.08 3.22583e-12 7.7356e-29
20.09 3.22106e-12 8.17415e-29
20.1 3.21124e-12 8.62338e-29
20.11 3.19613e-12 9.08242e-29
20.12 3.1755e-12 9.55027e-29
20.13 3.14909e-12 1.00258e-28
20.14 3.11668e-12 1.05078e-28
20.15 3.07802e-12 1.09949e-28
20.16 3.03286e-12 1.14857e-28
20.17 2.98096e-12 1.19785e-28
20.18 2.92204e-12 1.24715e-28
20.19 2.85585e-12 1.2963e-28
20.2 2.78215e-12 1.34509e-28
20.21 2.70067e-12 1.39331e-28
20.22 2.61112e-12 1.44074e-28
20.23 2.51326e-12 1.48713e-28
20.24 2.40681e-12 1.53225e-28
20.25 2.29151e-12 1.57583e-28
20.26 2.16708e-12 1.6176e-28
20.27 2.03323e-12 1.65729e-28
20.28 1.8897e-12 1.69461e-28
20.29 1.73622e-12 1.72925e-28
20.3 1.57249e-12 1.76093e-28
20.31 1.39825e-12 1.78934e-28
20.32 1.21322e-12 1.81417e-28
20.33 1.01711e-12 1.83512e-28
20.34 8.09637e-13 1.85188e-28
20.35 5.90532e-13 1.86414e-28
20.36 3.59507e-13 1.87163e-28
20.37 1.16288e-13 1.87406e-28
20.38 1.39407e-13 1.87115e-28
20.39 4.07858e-13 1.86266e-28
20.4 6.8934e-13 1.84836e-28
20.41 9.84135e-13 1.82804e-28
20.42 1.29251e-12 1.80153e-28
20.43 1.61475e-12 1.7687e-28
20.44 1.95111e-12 1.72943e-28
20.45 2.30187e-12 1.68369e-28
20.46 2.6673e-12 1.63147e-28
20.47 3.04766e-12 1.57283e-28
20.48 3.44322e-12 1.50791e-28
20.49 3.85424e-12 1.43689e-28
20.5 4.28097e-12 1.36006e-28
20.51 4.72366e-12 1.27778e-28
20.52 5.18257e-12 1.19054e-28
20.53 5.65795e-12 1.0989e-28
20.54 6.15002e-12 1.00356e-28
20.55 6.65907e-12 9.05346e-29
20.56 7.18529e-12 8.05209e-29
20.57 7.72891e-12 7.04264e-29
20.58 8.29019e-12 6.03784e-29
20.59 8.86933e-12 5.05216e-29
20.6 9.46656e-12 4.10194e-29
20.61 1.00821e-11 3.20553e-29
20.62 1.07161e-11 2.38343e-29
20.63 1.13689e-11 1.65846e-29
20.64 1.20405e-11 1.05585e-29
20.65 1.27313e-11 6.03492e-30
20.66 1.34413e-11 3.32011e-30
20.67 1.41708e-11 2.75001e-30
20.68 1.492e-11 4.69178e-30
20.69 1.5689e-11 9.54566e-30
20.7 1.6478e-11 1.77469e-29
20.71 1.72871e-11 2.97676e-29
20.72 1.81166e-11 4.61189e-29
20.73 1.89665e-11 6.7353e-29
20.74 1.9837e-11 9.40653e-29
20.75 2.07282e-11 1.26896e-28
20.76 2.16403e-11 1.66535e-28
20.77 2.25734e-11 2.13719e-28
20.78 2.35276e-11 2.6924e-28
20.79 2.45031e-11 3.33943e-28
20.8 2.54999e-11 4.08731e-28
20.81 2.65181e-11 4.94567e-28
20.82 2.75579e-11 5.92476e-28
20.83 2.86193e-11 7.03549e-28
20.84 2.97025e-11 8.28945e-28
20.85 3.08075e-11 9.69894e-28
20.86 3.19343e-11 1.1277e-27
20.87 3.30832e-11 1.30374e-27
20.88 3.4254e-11 1.49947e-27
20.89 3.5447e-11 1.71644e-27
20.9 3.66621e-11 1.95627e-27
20.91 3.78995e-11 2.22068e-27
20.92 3.91591e-11 2.51148e-27
20.93 4.04411e-11 2.83058e-27
20.94 4.17454e-11 3.17997e-27
20.95 4.30722e-11 3.56175e-27
20.96 4.44214e-11 3.97815e-27
20.97 4.5793e-11 4.43148e-27
20.98 4.71873e-11 4.92417e-27
20.99 4.86041e-11 5.45876e-27
21 5.00435e-11 6.03793e-27
21.01 5.15055e-11 6.66447e-27
21.02 5.29902e-11 7.34129e-27
21.03 5.44977e-11 8.07145e-27
21.04 5.60278e-11 8.85813e-27
21.05 5.75808e-11 9.70465e-27
21.06 5.91565e-11 1.06145e-26
21.07 6.07551e-11 1.15912e-26
21.08 6.23766e-11 1.26387e-26
21.09 6.4021e-11 1.37607e-26
21.1 6.56884e-11 1.49614e-26
21.11 6.73788e-11 1.62451e-26
21.12 6.90924e-11 1.76161e-26
21.13 7.0829e-11 1.90791e-26
21.14 7.25889e-11 2.06388e-26
21.15 7.43721e-11 2.23001e-26
21.16 7.61786e-11 2.40682e-26
21.17 7.80086e-11 2.59484e-26
21.18 7.98622e-11 2.79463e-26
21.19 8.17395e-11 3.00676e-26
21.2 8.36405e-11 3.23182e-26
21.21 8.55654e-11 3.47043e-26
21.22 8.75145e-11 3.72322e-26
21.23 8.94877e-11 3.99086e-26
21.24 9.14854e-11 4.27403e-26
21.25 9.35076e-11 4.57344e-26
21.26 9.55546e-11 4.88981e-26
21.27 9.76266e-11 5.22392e-26
21.28 9.97238e-11 5.57653e-26
21.29 1.01847e-10 5.94847e-26
21.3 1.03995e-10 6.34056e-26
21.31 1.0617e-10 6.75368e-26
21.32 1.08371e-10 7.18872e-26
21.33 1.10598e-10 7.6466e-26
21.34 1.12853e-10 8.12828e-26
21.35 1.15135e-10 8.63474e-26
21.36 1.17445e-10 9.16702e-26
21.37 1.19784e-10 9.72616e-26
21.38 1.22152e-10 1.03132e-25
21.39 1.24548e-10 1.09294e-25
21.4 1.26975e-10 1.15758e-25
21.41 1.29433e-10 1.22537e-25
21.42 1.31921e-10 1.29642e-25
21.43 1.34442e-10 1.37087e-25
21.44 1.36995e-10 1.44885e-25
21.45 1.39581e-10 1.53049e-25
21.46 1.42201e-10 1.61594e-25
21.47 1.44857e-10 1.70535e-25
21.48 1.47548e-10 1.79886e-25
21.49 1.50276e-10 1.89664e-25
21.5 1.53042e-10 1.99883e-25
21.51 1.55847e-10 2.10562e-25
21.52 1.58692e-10 2.21718e-25
21.53 1.61578e-10 2.33367e-25
21.54 1.64507e-10 2.4553e-25
21.55 1.6748e-10 2.58225e-25
21.56 1.70498e-10 2.71472e-25
21.57 1.73562e-10 2.85292e-25
21.58 1.76675e-10 2.99706e-25
21.59 1.79838e-10 3.14737e-25
21.6 1.83053e-10 3.30406e-25
21.61 1.86321e-10 3.4674e-25
21.62 1.89644e-10 3.63761e-25
21.63 1.93025e-10 3.81496e-25
21.64 1.96466e-10 3.99972e-25
21.65 1.99969e-10 4.19216e-25
21.66 2.03536e-10 4.39258e-25
21.67 2.07169e-10 4.60127e-25
21.68 2.10872e-10 4.81855e-25
21.69 2.14648e-10 5.04475e-25
21.7 2.18498e-10 5.28021e-25
21.71 2.22426e-10 5.52527e-25
21.72 2.26435e-10 5.78031e-25
21.73 2.30529e-10 6.04572e-25
21.74 2.34712e-10 6.3219e-25
21.75 2.38986e-10 6.60928e-25
21.76 2.43355e-10 6.90828e-25
21.77 2.47825e-10 7.21938e-25
21.78 2.52399e-10 7.54305e-25
21.79 2.57081e-10 7.87979e-25
21.8 2.61877e-10 8.23015e-25
21.81 2.66791e-10 8.59467e-25
21.82 2.71829e-10 8.97394e-25
21.83 2.76996e-10 9.36856e-25
21.84 2.82298e-10 9.77917e-25
21.85 2.87741e-10 1.02065e-24
21.86 2.93332e-10 1.06511e-24
21.87 2.99076e-10 1.11139e-24
21.88 3.04981e-10 1.15956e-24
21.89 3.11055e-10 1.20971e-24
21.9 3.17306e-10 1.26191e-24
21.91 3.2374e-10 1.31627e-24
21.92 3.30368e-10 1.37288e-24
21.93 3.37198e-10 1.43184e-24
21.94 3.44239e-10 1.49326e-24
21.95 3.51502e-10 1.55725e-24
21.96 3.58996e-10 1.62394e-24
21.97 3.66734e-10 1.69346e-24
21.98 3.74726e-10 1.76593e-24
21.99 3.82985e-10 1.84151e-24
22 3.91523e-10 1.92035e-24
22.01 4.00354e-10 2.0026e-24
22.02 4.09493e-10 2.08845e-24
22.03 4.18953e-10 2.17807e-24
22.04 4.28751e-10 2.27165e-24
22.05 4.38903e-10 2.36941e-24
22.06 4.49426e-10 2.47156e-24
22.07 4.60339e-10 2.57834e-24
22.08 4.71661e-10 2.68999e-24
22.09 4.83412e-10 2.80679e-24
22.1 4.95612e-10 2.92901e-24
22.11 5.08286e-10 3.05696e-24
22.12 5.21456e-10 3.19097e-24
22.13 5.35146e-10 3.33137e-24
22.14 5.49384e-10 3.47854e-24
22.15 5.64196e-10 3.63287e-24
22.16 5.79611e-10 3.79478e-24
22.17 5.9566e-10 3.96473e-24
22.18 6.12375e-10 4.14321e-24
22.19 6.29789e-10 4.33074e-24
22.2 6.47939e-10 4.52786e-24
22.21 6.66862e-10 4.7352e-24
22.22 6.86597e-10 4.95338e-24
22.23 7.07185e-10 5.1831e-24
22.24 7.28671e-10 5.42512e-24
22.25 7.51101e-10 5.68022e-24
22.26 7.74524e-10 5.94928e-24
22.27 7.9899e-10 6.23323e-24
22.28 8.24553e-10 6.53306e-24
22.29 8.51272e-10 6.84987e-24
22.3 8.79205e-10 7.18481e-24
22.31 9.08416e-10 7.53916e-24
22.32 9.38972e-10 7.91427e-24
22.33 9.70942e-10 8.31162e-24
22.34 1.0044e-09 8.73281e-24
22.35 1.03943e-09 9.17955e-24
22.36 1.0761e-09 9.65372e-24
22.37 1.11451e-09 1.01573e-23
22.38 1.15475e-09 1.06926e-23
22.39 1.19691e-09 1.12619e-23
22.4 1.2411e-09 1.18678e-23
22.41 1.28742e-09 1.25131e-23
22.42 1.33598e-09 1.32009e-23
22.43 1.3869e-09 1.39345e-23
22.44 1.44032e-09 1.47174e-23
22.45 1.49636e-09 1.55536e-23
22.46 1.55515e-09 1.64475e-23
22.47 1.61685e-09 1.74035e-23
22.48 1.68162e-09 1.84268e-23
22.49 1.7496e-09 1.9523e-23
22.5 1.82099e-09 2.0698e-23
22.51 1.89595e-09 2.19584e-23
22.52 1.97467e-09 2.33115e-23
22.53 2.05737e-09 2.4765e-23
22.54 2.14424e-09 2.63275e-23
22.55 2.23552e-09 2.80085e-23
22.56 2.33143e-09 2.98182e-23
22.57 2.43223e-09 3.17678e-23
22.58 2.53817e-09 3.38695e-23
22.59 2.64953e-09 3.6137e-23
22.6 2.7666e-09 3.85849e-23
22.61 2.88968e-09 4.12294e-23
22.62 3.0191e-09 4.40882e-23
22.63 3.15518e-09 4.71809e-23
22.64 3.29829e-09 5.05287e-23
22.65 3.4488e-09 5.41551e-23
22.66 3.60711e-09 5.80858e-23
22.67 3.77362e-09 6.23492e-23
22.68 3.94877e-09 6.69762e-23
22.69 4.13302e-09 7.20011e-23
22.7 4.32686e-09 7.74615e-23
22.71 4.53079e-09 8.33985e-23
22.72 4.74535e-09 8.98578e-23
22.73 4.9711e-09 9.68892e-23
22.74 5.20863e-09 1.04548e-22
22.75 5.45856e-09 1.12895e-22
22.76 5.72154e-09 1.21996e-22
22.77 5.99827e-09 1.31925e-22
22.78 6.28946e-09 1.42764e-22
22.79 6.59587e-09 1.54601e-22
22.8 6.91831e-09 1.67536e-22
22.81 7.2576e-09 1.81675e-22
22.82 7.61464e-09 1.9714e-22
22.83 7.99034e-09 2.14062e-22
22.84 8.38568e-09 2.32587e-22
22.85 8.80169e-09 2.52875e-22
22.86 9.23942e-09 2.75103e-22
22.87 9.70001e-09 2.99467e-22
22.88 1.01846e-08 3.26183e-22
22.89 1.06945e-08 3.55488e-22
22.9 1.1231e-08 3.87645e-22
22.91 1.17954e-08 4.22944e-22
22.92 1.23892e-08 4.61706e-22
22.93 1.30139e-08 5.04283e-22
22.94 1.36711e-08 5.51067e-22
22.95 1.43623e-08 6.02487e-22
22.96 1.50894e-08 6.59019e-22
22.97 1.58541e-08 7.21189e-22
22.98 1.66584e-08 7.89576e-22
22.99 1.75042e-08 8.6482e-22
23 1.83937e-08 9.47628e-22
23.01 1.93289e-08 1.03878e-21
23.02 2.03123e-08 1.13914e-21
23.03 2.13462e-08 1.24966e-21
23.04 2.24331e-08 1.37138e-21
23.05 2.35757e-08 1.50547e-21
23.06 2.47766e-08 1.65321e-21
23.07 2.60388e-08 1.81601e-21
23.08 2.73653e-08 1.99542e-21
23.09 2.87591e-08 2.19318e-21
23.1 3.02237e-08 2.41118e-21
23.11 3.17624e-08 2.65151e-21
23.12 3.33788e-08 2.91648e-21
23.13 3.50767e-08 3.20866e-21
23.14 3.68599e-08 3.53084e-21
23.15 3.87327e-08 3.88614e-21
23.16 4.06992e-08 4.27797e-21
23.17 4.27638e-08 4.71011e-21
23.18 4.49313e-08 5.18672e-21
23.19 4.72065e-08 5.71239e-21
23.2 4.95945e-08 6.29216e-21
23.21 5.21004e-08 6.93162e-21
23.22 5.47299e-08 7.63688e-21
23.23 5.74886e-08 8.41472e-21
23.24 6.03826e-08 9.27257e-21
23.25 6.34179e-08 1.02186e-20
23.26 6.66012e-08 1.12619e-20
23.27 6.99391e-08 1.24124e-20
23.28 7.34386e-08 1.3681e-20
23.29 7.7107e-08 1.50797e-20
23.3 8.0952e-08 1.66217e-20
23.31 8.49813e-08 1.83217e-20
23.32 8.92032e-08 2.01955e-20
23.33 9.36262e-08 2.22608e-20
23.34 9.82592e-08 2.45369e-20
23.35 1.03111e-07 2.70449e-20
23.36 1.08192e-07 2.98083e-20
23.37 1.13511e-07 3.28526e-20
23.38 1.19079e-07 3.62059e-20
23.39 1.24906e-07 3.9899e-20
23.4 1.31004e-07 4.39658e-20
23.41 1.37383e-07 4.84433e-20
23.42 1.44057e-07 5.33722e-20
23.43 1.51035e-07 5.87972e-20
23.44 1.58333e-07 6.4767e-20
23.45 1.65962e-07 7.13352e-20
23.46 1.73936e-07 7.85604e-20
23.47 1.82269e-07 8.65067e-20
23.48 1.90975e-07 9.52444e-20
23.49 2.0007e-07 1.0485e-19
23.5 2.09569e-07 1.15408e-19
23.51 2.19487e-07 1.2701e-19
23.52 2.29841e-07 1.39756e-19
23.53 2.40648e-07 1.53757e-19
23.54 2.51925e-07 1.69131e-19
23.55 2.6369e-07 1.86009e-19
23.56 2.75961e-07 2.04534e-19
23.57 2.88757e-07 2.24861e-19
23.58 3.02098e-07 2.4716e-19
23.59 3.16002e-07 2.71616e-19
23.6 3.30492e-07 2.98429e-19
23.61 3.45587e-07 3.2782e-19
23.62 3.61308e-07 3.60026e-19
23.63 3.77679e-07 3.95307e-19
23.64 3.9472e-07 4.33946e-19
23.65 4.12456e-07 4.76248e-19
23.66 4.30909e-07 5.22548e-19
23.67 4.50102e-07 5.73206e-19
23.68 4.70061e-07 6.28617e-19
23.69 4.9081e-07 6.89205e-19
23.7 5.12373e-07 7.55433e-19
23.71 5.34777e-07 8.27802e-19
23.72 5.58047e-07 9.06854e-19
23.73 5.82209e-07 9.93176e-19
23.74 6.07289e-07 1.0874e-18
23.75 6.33315e-07 1.19022e-18
23.76 6.60312e-07 1.30238e-18
23.77 6.88309e-07 1.42467e-18
23.78 7.17331e-07 1.55796e-18
23.79 7.47407e-07 1.70319e-18
23.8 7.78563e-07 1.86136e-18
23.81 8.10827e-07 2.03356e-18
23.82 8.44226e-07 2.22096e-18
23.83 8.78785e-07 2.42481e-18
23.84 9.14533e-07 2.64646e-18
23.85 9.51494e-07 2.88737e-18
23.86 9.89695e-07 3.1491e-18
23.87 1.02916e-06 3.43332e-18
23.88 1.06991e-06 3.74182e-18
23.89 1.11198e-06 4.07653e-18
23.9 1.15538e-06 4.43951e-18
23.91 1.20014e-06 4.83294e-18
23.92 1.24627e-06 5.2592e-18
23.93 1.2938e-06 5.72078e-18
23.94 1.34274e-06 6.22036e-18
23.95 1.39311e-06 6.76081e-18
23.96 1.44491e-06 7.34515e-18
23.97 1.49817e-06 7.97663e-18
23.98 1.55289e-06 8.65867e-18
23.99 1.60908e-06 9.39492e-18
24 1.66674e-06 1.01893e-17
24.01 1.72586e-06 1.10458e-17
24.02 1.78645e-06 1.19687e-17
24.03 1.8485e-06 1.29628e-17
24.04 1.912e-06 1.40328e-17
24.05 1.97693e-06 1.51837e-17
24.06 2.04327e-06 1.64209e-17
24.07 2.11099e-06 1.77501e-17
24.08 2.18007e-06 1.91771e-17
24.09 2.25046e-06 2.0708e-17
24.1 2.32212e-06 2.23494e-17
24.11 2.39501e-06 2.41078e-17
24.12 2.46906e-06 2.59904e-17
24.13 2.5442e-06 2.80044e-17
24.14 2.62037e-06 3.01572e-17
24.15 2.69747e-06 3.24567e-17
24.16 2.77541e-06 3.49109e-17
24.17 2.8541e-06 3.75279e-17
24.18 2.93341e-06 4.03162e-17
24.19 3.01321e-06 4.32845e-17
24.2 3.09337e-06 4.64415e-17
24.21 3.17374e-06 4.9796e-17
24.22 3.25414e-06 5.33569e-17
24.23 3.3344e-06 5.71333e-17
24.24 3.41431e-06 6.1134e-17
24.25 3.49367e-06 6.53678e-17
24.26 3.57223e-06 6.98434e-17
24.27 3.64976e-06 7.45693e-17
24.28 3.72597e-06 7.95535e-17
24.29 3.80057e-06 8.48035e-17
24.3 3.87325e-06 9.03266e-17
24.31 3.94367e-06 9.61291e-17
24.32 4.01148e-06 1.02217e-16
24.33 4.07626e-06 1.08594e-16
24.34 4.13762e-06 1.15265e-16
24.35 4.19511e-06 1.22231e-16
24.36 4.24825e-06 1.29494e-16
24.37 4.29653e-06 1.37053e-16
24.38 4.33942e-06 1.44904e-16
24.39 4.37633e-06 1.53044e-16
24.4 4.40665e-06 1.61465e-16
24.41 4.42973e-06 1.70158e-16
24.42 4.44488e-06 1.79109e-16
24.43 4.45137e-06 1.88303e-16
24.44 4.44841e-06 1.9772e-16
24.45 4.43517e-06 2.07338e-16
24.46 4.41079e-06 2.1713e-16
24.47 4.37434e-06 2.27064e-16
24.48 4.32483e-06 2.37103e-16
24.49 4.26125e-06 2.47207e-16
24.5 4.18248e-06 2.57329e-16
24.51 4.08738e-06 2.67417e-16
24.52 3.97474e-06 2.77413e-16
24.53 3.84328e-06 2.87252e-16
24.54 3.69163e-06 2.96864e-16
24.55 3.5184e-06 3.06171e-16
24.56 3.32207e-06 3.15091e-16
24.57 3.10109e-06 3.23533e-16
24.58 2.8538e-06 3.314e-16
24.59 2.57847e-06 3.38588e-16
24.6 2.27328e-06 3.44989e-16
24.61 1.93632e-06 3.50489e-16
24.62 1.56559e-06 3.54966e-16
24.63 1.15899e-06 3.58299e-16
24.64 7.14343e-07 3.60361e-16
24.65 2.29338e-07 3.61024e-16
24.66 2.98424e-07 3.60161e-16
24.67 8.71455e-07 3.57649e-16
24.68 1.49238e-06 3.53367e-16
24.69 2.16394e-06 3.47205e-16
24.7 2.88899e-06 3.39065e-16
24.71 3.67053e-06 3.28864e-16
24.72 4.51166e-06 3.16543e-16
24.73 5.41562e-06 3.02069e-16
24.74 6.3858e-06 2.85444e-16
24.75 7.42571e-06 2.66714e-16
24.76 8.53901e-06 2.45973e-16
24.77 9.7295e-06 2.23382e-16
24.78 1.10011e-05 1.99172e-16
24.79 1.2358e-05 1.73665e-16
24.8 1.38044e-05 1.47285e-16
24.81 1.53448e-05 1.20576e-16
24.82 1.69837e-05 9.42246e-17
24.83 1.87259e-05 6.90774e-17
24.84 2.05762e-05 4.61706e-17
24.85 2.25399e-05 2.6755e-17
24.86 2.46222e-05 1.23288e-17
24.87 2.68285e-05 4.67164e-18
24.88 2.91645e-05 5.88406e-18
24.89 3.1636e-05 1.84306e-17
24.9 3.42489e-05 4.51879e-17
24.91 3.70096e-05 8.94983e-17
24.92 3.99243e-05 1.55228e-16
24.93 4.29997e-05 2.46835e-16
24.94 4.62425e-05 3.69437e-16
24.95 4.96596e-05 5.28894e-16
24.96 5.32583e-05 7.31895e-16
24.97 5.70459e-05 9.86053e-16
24.98 6.10299e-05 1.30001e-15
24.99 6.52181e-05 1.68356e-15
25 6.96184e-05 2.14776e-15
25.01 7.42388e-05 2.70508e-15
25.02 7.90878e-05 3.36955e-15
25.03 8.41738e-05 4.15692e-15
25.04 8.95054e-05 5.08486e-15
25.05 9.50915e-05 6.17312e-15
25.06 0.000100941 7.44375e-15
25.07 0.000107064 8.92137e-15
25.08 0.000113468 1.06333e-14
25.09 0.000120164 1.26101e-14
25.1 0.000127161 1.48854e-14
25.11 0.000134469 1.74967e-14
25.12 0.000142097 2.04853e-14
25.13 0.000150057 2.38971e-14
25.14 0.000158357 2.77824e-14
25.15 0.000167008 3.21969e-14
25.16 0.000176021 3.72018e-14
25.17 0.000185404 4.28643e-14
25.18 0.00019517 4.92583e-14
25.19 0.000205328 5.64646e-14
25.2 0.000215888 6.45719e-14
25.21 0.000226861 7.36771e-14
25.22 0.000238257 8.38859e-14
25.23 0.000250086 9.53137e-14
25.24 0.000262357 1.08086e-13
25.25 0.000275082 1.22341e-13
25.26 0.000288269 1.38225e-13
25.27 0.000301929 1.55902e-13
25.28 0.000316069 1.75545e-13
25.29 0.0003307 1.97345e-13
25.3 0.00034583 2.21507e-13
25.31 0.000361466 2.48252e-13
25.32 0.000377618 2.77819e-13
25.33 0.000394292 3.10467e-13
25.34 0.000411494 3.46473e-13
25.35 0.000429232 3.86134e-13
25.36 0.000447511 4.29773e-13
25.37 0.000466336 4.77733e-13
25.38 0.000485711 5.30381e-13
25.39 0.000505639 5.88112e-13
25.4 0.000526123 6.51347e-13
25.41 0.000547164 7.20536e-13
25.42 0.000568762 7.96156e-13
25.43 0.000590918 8.78718e-13
25.44 0.000613629 9.68762e-13
25.45 0.000636891 1.06686e-12
25.46 0.000660701 1.17363e-12
25.47 0.000685052 1.28971e-12
25.48 0.000709937 1.41578e-12
25.49 0.000735346 1.55256e-12
25.5 0.000761268 1.7008e-12
25.51 0.00078769 1.8613e-12
25.52 0.000814597 2.0349e-12
25.53 0.000841972 2.22246e-12
25.54 0.000869795 2.4249e-12
25.55 0.000898045 2.64317e-12
25.56 0.000926697 2.87826e-12
25.57 0.000955724 3.13121e-12
25.58 0.000985097 3.40307e-12
25.59 0.00101478 3.69497e-12
25.6 0.00104475 4.00802e-12
25.61 0.00107495 4.34341e-12
25.62 0.00110534 4.70233e-12
25.63 0.00113589 5.08602e-12
25.64 0.00116653 5.49571e-12
25.65 0.00119722 5.93268e-12
25.66 0.0012279 6.39821e-12
25.67 0.00125851 6.89359e-12
25.68 0.00128898 7.4201e-12
25.69 0.00131923 7.97903e-12
25.7 0.0013492 8.57165e-12
25.71 0.0013788 9.1992e-12
25.72 0.00140795 9.86289e-12
25.73 0.00143656 1.05639e-11
25.74 0.00146452 1.13033e-11
25.75 0.00149174 1.20822e-11
25.76 0.00151811 1.29014e-11
25.77 0.00154351 1.37619e-11
25.78 0.00156783 1.46645e-11
25.79 0.00159093 1.56096e-11
25.8 0.00161268 1.65977e-11
25.81 0.00163293 1.76292e-11
25.82 0.00165155 1.8704e-11
25.83 0.00166838 1.98221e-11
25.84 0.00168324 2.0983e-11
25.85 0.00169597 2.21861e-11
25.86 0.00170639 2.34304e-11
25.87 0.00171432 2.47147e-11
25.88 0.00171955 2.60373e-11
25.89 0.00172188 2.73963e-11
25.9 0.0017211 2.87892e-11
25.91 0.00171698 3.02132e-11
25.92 0.0017093 3.16649e-11
25.93 0.00169781 3.31406e-11
25.94 0.00168227 3.46359e-11
25.95 0.00166241 3.6146e-11
25.96 0.00163796 3.76653e-11
25.97 0.00160865 3.91879e-11
25.98 0.00157418 4.07071e-11
25.99 0.00153426 4.22155e-11
26 0.00148857 4.37053e-11
26.01 0.0014368 4.51677e-11
26.02 0.00137861 4.65935e-11
26.03 0.00131367 4.79727e-11
26.04 0.00124162 4.92948e-11
26.05 0.00116211 5.05485e-11
26.06 0.00107476 5.1722e-11
26.07 0.000979182 5.28028e-11
26.08 0.000874995 5.3778e-11
26.09 0.000761792 5.46344e-11
26.1 0.000639161 5.53581e-11
26.11 0.000506681 5.59351e-11
26.12 0.000363918 5.63514e-11
26.13 0.000210431 5.65929e-11
26.14 4.57696e-05 5.66455e-11
26.15 0.000130526 5.64956e-11
26.16 0.000318924 5.61302e-11
26.17 0.000519902 5.55372e-11
26.18 0.000733945 5.47053e-11
26.19 0.000961543 5.36251e-11
26.2 0.0012032 5.22886e-11
26.21 0.00145942 5.06902e-11
26.22 0.00173071 4.88269e-11
26.23 0.00201759 4.66989e-11
26.24 0.00232058 4.43101e-11
26.25 0.00264021 4.16688e-11
26.26 0.00297701 3.87881e-11
26.27 0.00333151 3.5687e-11
26.28 0.00370424 3.23911e-11
26.29 0.00409573 2.89333e-11
26.3 0.00450652 2.5355e-11
26.31 0.00493714 2.17067e-11
26.32 0.00538812 1.80499e-11
26.33 0.00585998 1.44574e-11
26.34 0.00635324 1.10153e-11
26.35 0.00686842 7.82385e-12
26.36 0.00740601 4.99942e-12
26.37 0.00796652 2.67573e-12
26.38 0.00855043 1.00566e-12
26.39 0.00915821 1.63025e-13
26.4 0.00979032 3.4449e-13
26.41 0.0104472 1.77154e-12
26.42 0.0111293 4.6926e-12
26.43 0.0118369 9.38527e-12
26.44 0.0125706 1.61586e-11
26.45 0.0133306 2.53556e-11
26.46 0.0141172 3.73556e-11
26.47 0.0149308 5.25773e-11
26.48 0.0157717 7.14807e-11
26.49 0.01664 9.4571e-11
26.5 0.017536 1.224e-10
26.51 0.0184598 1.55572e-10
26.52 0.0194116 1.94742e-10
26.53 0.0203914 2.40623e-10
26.54 0.0213993 2.93988e-10
26.55 0.0224352 3.55673e-10
26.56 0.023499 4.26579e-10
26.57 0.0245907 5.07677e-10
26.58 0.0257101 6.00009e-10
26.59 0.0268568 7.04694e-10
26.6 0.0280306 8.22928e-10
26.61 0.029231 9.55988e-10
26.62 0.0304576 1.10524e-09
26.63 0.0317099 1.27212e-09
26.64 0.0329873 1.45817e-09
26.65 0.0342889 1.66502e-09
26.66 0.0356141 1.89438e-09
26.67 0.036962 2.14807e-09
26.68 0.0383315 2.42799e-09
26.69 0.0397215 2.73615e-09
26.7 0.041131 3.07463e-09
26.71 0.0425586 3.44564e-09
26.72 0.0440028 3.85145e-09
26.73 0.0454623 4.29445e-09
26.74 0.0469353 4.77709e-09
26.75 0.04842 5.30192e-09
26.76 0.0499147 5.87159e-09
26.77 0.0514172 6.48879e-09
26.78 0.0529254 7.1563e-09
26.79 0.0544371 7.87696e-09
26.8 0.0559498 8.65367e-09
26.81 0.0574609 9.48936e-09
26.82 0.0589678 1.0387e-08
26.83 0.0604675 1.13496e-08
26.84 0.061957 1.23802e-08
26.85 0.0634332 1.34816e-08
26.86 0.0648926 1.4657e-08
26.87 0.0663319 1.59093e-08
26.88 0.0677474 1.72412e-08
26.89 0.0691353 1.86556e-08
26.9 0.0704914 2.01551e-08
26.91 0.0718119 2.17424e-08
26.92 0.0730922 2.34197e-08
26.93 0.0743279 2.51892e-08
26.94 0.0755144 2.7053e-08
26.95 0.0766469 2.90128e-08
26.96 0.0777203 3.107e-08
26.97 0.0787296 3.32257e-08
26.98 0.0796694 3.54807e-08
26.99 0.0805343 3.78355e-08
27 0.0813187 4.029e-08
27.01 0.0820168 4.28436e-08
27.02 0.0826227 4.54955e-08
27.03 0.0831304 4.8244e-08
27.04 0.0835336 5.1087e-08
27.05 0.083826 5.40218e-08
27.06 0.0840013 5.70449e-08
27.07 0.0840529 6.01522e-08
27.08 0.0839741 6.3339e-08
27.09 0.0837581 6.65994e-08
27.1 0.0833983 6.99272e-08
27.11 0.0828876 7.33149e-08
27.12 0.0822191 7.67545e-08
27.13 0.0813858 8.02368e-08
27.14 0.0803808 8.3752e-08
27.15 0.0791968 8.72891e-08
27.16 0.077827 9.08362e-08
27.17 0.0762642 9.43807e-08
27.18 0.0745014 9.79087e-08
27.19 0.0725318 1.01406e-07
27.2 0.0703484 1.04856e-07
27.21 0.0679445 1.08243e-07
27.22 0.0653133 1.1155e-07
27.23 0.0624484 1.14758e-07
27.24 0.0593434 1.17849e-07
27.25 0.0559921 1.20803e-07
27.26 0.0523884 1.236e-07
27.27 0.0485267 1.26219e-07
27.28 0.0444013 1.2864e-07
27.29 0.0400072 1.30841e-07
27.3 0.0353392 1.328e-07
27.31 0.0303929 1.34497e-07
27.32 0.0251639 1.3591e-07
27.33 0.0196484 1.37019e-07
27.34 0.0138429 1.37802e-07
27.35 0.00774438 1.38242e-07
27.36 0.00135024 1.38318e-07
27.37 0.00534165 1.38015e-07
27.38 0.0123329 1.37316e-07
27.39 0.0196245 1.36208e-07
27.4 0.0272171 1.34678e-07
27.41 0.0351107 1.32718e-07
27.42 0.0433045 1.30319e-07
27.43 0.0517974 1.2748e-07
27.44 0.0605874 1.24198e-07
27.45 0.0696722 1.20476e-07
27.46 0.0790484 1.16323e-07
27.47 0.0887124 1.11749e-07
27.48 0.0986595 1.06769e-07
27.49 0.108885 1.01406e-07
27.5 0.119382 9.56843e-08
27.51 0.130144 8.96364e-08
27.52 0.141165 8.32997e-08
27.53 0.152435 7.67182e-08
27.54 0.163947 6.99423e-08
27.55 0.175691 6.30291e-08
27.56 0.187657 5.60429e-08
27.57 0.199833 4.9055e-08
27.58 0.212209 4.21445e-08
27.59 0.224773 3.53978e-08
27.6 0.237511 2.89093e-08
27.61 0.25041 2.27812e-08
27.62 0.263456 1.71235e-08
27.63 0.276635 1.20543e-08
27.64 0.289931 7.69964e-09
27.65 0.30333 4.19349e-09
27.66 0.316813 1.67753e-09
27.67 0.330366 3.01105e-10
27.68 0.343972 2.21011e-10
27.69 0.357611 1.60123e-09
27.7 0.371268 4.61265e-09
27.71 0.384924 9.4327e-09
27.72 0.398561 1.6245e-08
27.73 0.41216 2.52387e-08
27.74 0.425702 3.66085e-08
27.75 0.439169 5.05534e-08
27.76 0.452541 6.72768e-08
27.77 0.465801 8.69852e-08
27.78 0.478928 1.09888e-07
27.79 0.491904 1.36197e-07
27.8 0.50471 1.66125e-07
27.81 0.517328 1.99885e-07
27.82 0.529738 2.3769e-07
27.83 0.541922 2.79753e-07
27.84 0.553863 3.26282e-07
27.85 0.565542 3.77484e-07
27.86 0.576943 4.33564e-07
27.87 0.588047 4.94719e-07
27.88 0.598839 5.61141e-07
27.89 0.609302 6.33018e-07
27.9 0.619421 7.10528e-07
27.91 0.629179 7.9384e-07
27.92 0.638563 8.83117e-07
27.93 0.647558 9.7851e-07
27.94 0.656151 1.08016e-06
27.95 0.664328 1.18819e-06
27.96 0.672078 1.30272e-06
27.97 0.679389 1.42385e-06
27.98 0.686249 1.55167e-06
27.99 0.692648 1.68625e-06
28 0.698577 1.82765e-06
28.01 0.704027 1.97592e-06
28.02 0.708989 2.13107e-06
28.03 0.713456 2.29312e-06
28.04 0.717421 2.46206e-06
28.05 0.720877 2.63786e-06
28.06 0.72382 2.82048e-06
28.07 0.726245 3.00985e-06
28.08 0.728148 3.20589e-06
28.09 0.729525 3.40851e-06
28.1 0.730374 3.61758e-06
28.11 0.730693 3.83296e-06
28.12 0.730481 4.05451e-06
28.13 0.729737 4.28205e-06
28.14 0.728462 4.51539e-06
28.15 0.726656 4.75432e-06
28.16 0.72432 4.99861e-06
28.17 0.721458 5.24801e-06
28.18 0.718071 5.50227e-06
28.19 0.714162 5.76112e-06
28.2 0.709736 6.02425e-06
28.21 0.704797 6.29137e-06
28.22 0.69935 6.56215e-06
28.23 0.6934 6.83626e-06
28.24 0.686954 7.11335e-06
28.25 0.680016 7.39307e-06
28.26 0.672596 7.67503e-06
28.27 0.664699 7.95887e-06
28.28 0.656334 8.2442e-06
28.29 0.647508 8.53061e-06
28.3 0.638231 8.81771e-06
28.31 0.628512 9.10507e-06
28.32 0.618359 9.39229e-06
28.33 0.607782 9.67894e-06
28.34 0.596791 9.9646e-06
28.35 0.585397 1.02488e-05
28.36 0.57361 1.05312e-05
28.37 0.56144 1.08114e-05
28.38 0.548899 1.10888e-05
28.39 0.535998 1.13631e-05
28.4 0.522748 1.16338e-05
28.41 0.509162 1.19006e-05
28.42 0.49525 1.21629e-05
28.43 0.481025 1.24205e-05
28.44 0.466499 1.26729e-05
28.45 0.451685 1.29197e-05
28.46 0.436594 1.31605e-05
28.47 0.421239 1.33949e-05
28.48 0.405633 1.36226e-05
28.49 0.389788 1.38432e-05
28.5 0.373717 1.40564e-05
28.51 0.357433 1.42619e-05
28.52 0.340949 1.44592e-05
28.53 0.324277 1.46481e-05
28.54 0.307431 1.48284e-05
28.55 0.290423 1.49997e-05
28.56 0.273265 1.51618e-05
28.57 0.255972 1.53144e-05
28.58 0.238556 1.54573e-05
28.59 0.221029 1.55903e-05
28.6 0.203404 1.57132e-05
28.61 0.185694 1.58258e-05
28.62 0.167912 1.5928e-05
28.63 0.15007 1.60196e-05
28.64 0.132181 1.61005e-05
28.65 0.114257 1.61706e-05
28.66 0.0963099 1.62298e-05
28.67 0.0783529 1.62781e-05
28.68 0.0603977 1.63153e-05
28.69 0.0424563 1.63415e-05
28.7 0.0245408 1.63567e-05
28.71 0.00666288 1.63608e-05
28.72 0.0111658 1.63539e-05
28.73 0.0289336 1.6336e-05
28.74 0.0466291 1.63072e-05
28.75 0.0642411 1.62677e-05
28.76 0.0817583 1.62173e-05
28.77 0.0991699 1.61564e-05
28.78 0.116465 1.6085e-05
28.79 0.133633 1.60032e-05
28.8 0.150662 1.59113e-05
28.81 0.167544 1.58094e-05
28.82 0.184267 1.56977e-05
28.83 0.200822 1.55764e-05
28.84 0.217199 1.54458e-05
28.85 0.233387 1.5306e-05
28.86 0.249378 1.51574e-05
28.87 0.265162 1.50002e-05
28.88 0.280729 1.48346e-05
28.89 0.296071 1.4661e-05
28.9 0.31118 1.44796e-05
28.91 0.326046 1.42907e-05
28.92 0.34066 1.40947e-05
28.93 0.355015 1.38919e-05
28.94 0.369103 1.36826e-05
28.95 0.382915 1.34672e-05
28.96 0.396445 1.3246e-05
28.97 0.409683 1.30193e-05
28.98 0.422624 1.27874e-05
28.99 0.43526 1.25509e-05
29 0.447584 1.23099e-05
29.01 0.459589 1.20649e-05
29.02 0.47127 1.18163e-05
29.03 0.482618 1.15643e-05
29.04 0.493629 1.13094e-05
29.05 0.504297 1.10519e-05
29.06 0.514615 1.07922e-05
29.07 0.524578 1.05307e-05
29.08 0.534181 1.02677e-05
29.09 0.543419 1.00036e-05
29.1 0.552287 9.73865e-06
29.11 0.560779 9.4733e-06
29.12 0.568892 9.20786e-06
29.13 0.576621 8.94267e-06
29.14 0.583962 8.67805e-06
29.15 0.590911 8.41434e-06
29.16 0.597464 8.15184e-06
29.17 0.603618 7.89087e-06
29.18 0.60937 7.63173e-06
29.19 0.614715 7.37471e-06
29.2 0.619652 7.12008e-06
29.21 0.624177 6.86813e-06
29.22 0.628288 6.6191e-06
29.23 0.631983 6.37326e-06
29.24 0.635258 6.13085e-06
29.25 0.638113 5.89208e-06
29.26 0.640546 5.65719e-06
29.27 0.642554 5.42636e-06
29.28 0.644137 5.19981e-06
29.29 0.645293 4.9777e-06
29.3 0.646021 4.76021e-06
29.31 0.64632 4.5475e-06
29.32 0.64619 4.3397e-06
29.33 0.64563 4.13694e-06
29.34 0.644639 3.93935e-06
29.35 0.643218 3.74703e-06
29.36 0.641367 3.56007e-06
29.37 0.639085 3.37855e-06
29.38 0.636374 3.20254e-06
29.39 0.633233 3.03209e-06
29.4 0.629663 2.86723e-06
29.41 0.625666 2.70801e-06
29.42 0.621242 2.55443e-06
29.43 0.616393 2.40651e-06
29.44 0.61112 2.26422e-06
29.45 0.605424 2.12756e-06
29.46 0.599307 1.99649e-06
29.47 0.592772 1.87098e-06
29.48 0.58582 1.75096e-06
29.49 0.578453 1.63639e-06
29.5 0.570673 1.52718e-06
29.51 0.562484 1.42326e-06
29.52 0.553887 1.32454e-06
29.53 0.544886 1.23091e-06
29.54 0.535484 1.14228e-06
29.55 0.525683 1.05852e-06
29.56 0.515487 9.79518e-07
29.57 0.504899 9.05147e-07
29.58 0.493922 8.35271e-07
29.59 0.482561 7.69752e-07
29.6 0.470819 7.08447e-07
29.61 0.458699 6.51209e-07
29.62 0.446207 5.97885e-07
29.63 0.433345 5.48323e-07
29.64 0.420119 5.02367e-07
29.65 0.406532 4.59857e-07
29.66 0.39259 4.20637e-07
29.67 0.378296 3.84547e-07
29.68 0.363656 3.51428e-07
29.69 0.348674 3.21124e-07
29.7 0.333355 2.93478e-07
29.71 0.317705 2.68337e-07
29.72 0.301728 2.45552e-07
29.73 0.28543 2.24976e-07
29.74 0.268816 2.06467e-07
29.75 0.251892 1.89889e-07
29.76 0.234662 1.75112e-07
29.77 0.217134 1.62012e-07
29.78 0.199311 1.50472e-07
29.79 0.181202 1.40382e-07
29.8 0.16281 1.31644e-07
29.81 0.144142 1.24167e-07
29.82 0.125205 1.17869e-07
29.83 0.106004 1.1268e-07
29.84 0.0865449 1.08541e-07
29.85 0.0668351 1.05405e-07
29.86 0.0468805 1.03236e-07
29.87 0.0266875 1.02013e-07
29.88 0.00626248 1.01727e-07
29.89 0.0143879 1.02384e-07
29.9 0.0352571 1.04005e-07
29.91 0.0563385 1.06624e-07
29.92 0.0776254 1.10294e-07
29.93 0.0991109 1.15081e-07
29.94 0.120788 1.2107e-07
29.95 0.142651 1.28361e-07
29.96 0.164691 1.37074e-07
29.97 0.186903 1.47345e-07
29.98 0.209279 1.59328e-07
29.99 0.231813 1.73197e-07
