0 0.010386 6.29132e-13
0.01 0.0105059 2.54567e-12
0.02 0.010627 5.79413e-12
0.03 0.0107493 1.04201e-11
0.04 0.0108728 1.64704e-11
0.05 0.0109975 2.39929e-11
0.06 0.0111234 3.30366e-11
0.07 0.0112505 4.36518e-11
0.08 0.0113788 5.58898e-11
0.09 0.0115084 6.98035e-11
0.1 0.0116392 8.54467e-11
0.11 0.0117713 1.02875e-10
0.12 0.0119046 1.22144e-10
0.13 0.0120391 1.43312e-10
0.14 0.0121749 1.66438e-10
0.15 0.012312 1.91583e-10
0.16 0.0124503 2.18809e-10
0.17 0.0125899 2.48179e-10
0.18 0.0127308 2.79757e-10
0.19 0.012873 3.1361e-10
0.2 0.0130164 3.49807e-10
0.21 0.0131612 3.88415e-10
0.22 0.0133072 4.29505e-10
0.23 0.0134545 4.73151e-10
0.24 0.0136032 5.19426e-10
0.25 0.0137531 5.68405e-10
0.26 0.0139044 6.20165e-10
0.27 0.0140569 6.74786e-10
0.28 0.0142108 7.32348e-10
0.29 0.014366 7.92933e-10
0.3 0.0145225 8.56624e-10
0.31 0.0146803 9.23508e-10
0.32 0.0148395 9.93673e-10
0.33 0.015 1.06721e-09
0.34 0.0151618 1.1442e-09
0.35 0.0153249 1.22475e-09
0.36 0.0154894 1.30894e-09
0.37 0.0156552 1.39688e-09
0.38 0.0158223 1.48867e-09
0.39 0.0159908 1.5844e-09
0.4 0.0161606 1.68417e-09
0.41 0.0163318 1.7881e-09
0.42 0.0165042 1.89629e-09
0.43 0.016678 2.00884e-09
0.44 0.0168532 2.12587e-09
0.45 0.0170297 2.24749e-09
0.46 0.0172075 2.37382e-09
0.47 0.0173866 2.50497e-09
0.48 0.0175671 2.64106e-09
0.49 0.0177488 2.78222e-09
0.5 0.017932 2.92857e-09
0.51 0.0181164 3.08022e-09
0.52 0.0183021 3.23733e-09
0.53 0.0184892 3.4e-09
0.54 0.0186776 3.56838e-09
0.55 0.0188673 3.74261e-09
0.56 0.0190583 3.92281e-09
0.57 0.0192505 4.10913e-09
0.58 0.0194441 4.30171e-09
0.59 0.019639 4.5007e-09
0.6 0.0198352 4.70625e-09
0.61 0.0200326 4.91849e-09
0.62 0.0202313 5.1376e-09
0.63 0.0204313 5.36371e-09
0.64 0.0206326 5.597e-09
0.65 0.0208351 5.83761e-09
0.66 0.0210388 6.08572e-09
0.67 0.0212438 6.34148e-09
0.68 0.02145 6.60506e-09
0.69 0.0216575 6.87664e-09
0.7 0.0218662 7.15639e-09
0.71 0.022076 7.44448e-09
0.72 0.0222871 7.74109e-09
0.73 0.0224994 8.0464e-09
0.74 0.0227128 8.3606e-09
0.75 0.0229275 8.68387e-09
0.76 0.0231432 9.01641e-09
0.77 0.0233602 9.35839e-09
0.78 0.0235783 9.71002e-09
0.79 0.0237975 1.00715e-08
0.8 0.0240178 1.0443e-08
0.81 0.0242392 1.08248e-08
0.82 0.0244618 1.1217e-08
0.83 0.0246854 1.16199e-08
0.84 0.0249101 1.20337e-08
0.85 0.0251358 1.24585e-08
0.86 0.0253626 1.28946e-08
0.87 0.0255904 1.33423e-08
0.88 0.0258192 1.38017e-08
0.89 0.026049 1.42731e-08
0.9 0.0262799 1.47567e-08
0.91 0.0265117 1.52527e-08
0.92 0.0267444 1.57614e-08
0.93 0.0269781 1.62829e-08
0.94 0.0272127 1.68176e-08
0.95 0.0274483 1.73657e-08
0.96 0.0276847 1.79274e-08
0.97 0.027922 1.8503e-08
0.98 0.0281602 1.90927e-08
0.99 0.0283992 1.96968e-08
1 0.0286391 2.03155e-08
1.01 0.0288797 2.09491e-08
1.02 0.0291212 2.15978e-08
1.03 0.0293634 2.22619e-08
1.04 0.0296064 2.29418e-08
1.05 0.0298502 2.36376e-08
1.06 0.0300946 2.43495e-08
1.07 0.0303398 2.5078e-08
1.08 0.0305856 2.58233e-08
1.09 0.0308322 2.65856e-08
1.1 0.0310793 2.73653e-08
1.11 0.0313271 2.81625e-08
1.12 0.0315755 2.89777e-08
1.13 0.0318245 2.98111e-08
1.14 0.032074 3.06629e-08
1.15 0.0323241 3.15336e-08
1.16 0.0325748 3.24233e-08
1.17 0.0328259 3.33324e-08
1.18 0.0330775 3.42612e-08
1.19 0.0333296 3.52099e-08
1.2 0.0335822 3.6179e-08
1.21 0.0338351 3.71687e-08
1.22 0.0340885 3.81792e-08
1.23 0.0343422 3.9211e-08
1.24 0.0345964 4.02644e-08
1.25 0.0348508 4.13396e-08
1.26 0.0351056 4.2437e-08
1.27 0.0353606 4.35569e-08
1.28 0.035616 4.46997e-08
1.29 0.0358716 4.58656e-08
1.3 0.0361274 4.7055e-08
1.31 0.0363835 4.82682e-08
1.32 0.0366397 4.95055e-08
1.33 0.0368961 5.07673e-08
1.34 0.0371527 5.2054e-08
1.35 0.0374093 5.33658e-08
1.36 0.0376661 5.47031e-08
1.37 0.037923 5.60663e-08
1.38 0.0381799 5.74556e-08
1.39 0.0384368 5.88714e-08
1.4 0.0386938 6.03142e-08
1.41 0.0389508 6.17841e-08
1.42 0.0392078 6.32816e-08
1.43 0.0394647 6.48071e-08
1.44 0.0397215 6.63608e-08
1.45 0.0399782 6.79431e-08
1.46 0.0402349 6.95544e-08
1.47 0.0404914 7.11951e-08
1.48 0.0407478 7.28654e-08
1.49 0.0410039 7.45658e-08
1.5 0.0412599 7.62966e-08
1.51 0.0415157 7.80582e-08
1.52 0.0417713 7.98509e-08
1.53 0.0420266 8.16751e-08
1.54 0.0422816 8.35312e-08
1.55 0.0425363 8.54195e-08
1.56 0.0427907 8.73404e-08
1.57 0.0430448 8.92943e-08
1.58 0.0432985 9.12814e-08
1.59 0.0435519 9.33023e-08
1.6 0.0438049 9.53572e-08
1.61 0.0440574 9.74465e-08
1.62 0.0443096 9.95707e-08
1.63 0.0445613 1.0173e-07
1.64 0.0448125 1.03925e-07
1.65 0.0450633 1.06156e-07
1.66 0.0453135 1.08423e-07
1.67 0.0455632 1.10726e-07
1.68 0.0458124 1.13067e-07
1.69 0.0460611 1.15445e-07
1.7 0.0463092 1.17861e-07
1.71 0.0465567 1.20315e-07
1.72 0.0468036 1.22807e-07
1.73 0.0470499 1.25338e-07
1.74 0.0472955 1.27909e-07
1.75 0.0475405 1.30519e-07
1.76 0.0477849 1.33169e-07
1.77 0.0480285 1.3586e-07
1.78 0.0482715 1.38591e-07
1.79 0.0485138 1.41363e-07
1.8 0.0487553 1.44177e-07
1.81 0.0489962 1.47033e-07
1.82 0.0492362 1.4993e-07
1.83 0.0494755 1.52871e-07
1.84 0.0497141 1.55854e-07
1.85 0.0499518 1.58881e-07
1.86 0.0501888 1.61951e-07
1.87 0.0504249 1.65065e-07
1.88 0.0506603 1.68224e-07
1.89 0.0508948 1.71427e-07
1.9 0.0511284 1.74676e-07
1.91 0.0513612 1.7797e-07
1.92 0.0515931 1.8131e-07
1.93 0.0518242 1.84696e-07
1.94 0.0520544 1.88129e-07
1.95 0.0522836 1.91609e-07
1.96 0.052512 1.95136e-07
1.97 0.0527395 1.9871e-07
1.98 0.052966 2.02333e-07
1.99 0.0531916 2.06004e-07
2 0.0534163 2.09724e-07
2.01 0.05364 2.13492e-07
2.02 0.0538628 2.17311e-07
2.03 0.0540846 2.21179e-07
2.04 0.0543055 2.25097e-07
2.05 0.0545253 2.29065e-07
2.06 0.0547442 2.33085e-07
2.07 0.0549621 2.37155e-07
2.08 0.055179 2.41278e-07
2.09 0.0553949 2.45451e-07
2.1 0.0556099 2.49678e-07
2.11 0.0558238 2.53956e-07
2.12 0.0560367 2.58288e-07
2.13 0.0562485 2.62673e-07
2.14 0.0564594 2.67111e-07
2.15 0.0566692 2.71603e-07
2.16 0.056878 2.7615e-07
2.17 0.0570858 2.80751e-07
2.18 0.0572925 2.85406e-07
2.19 0.0574983 2.90118e-07
2.2 0.0577029 2.94884e-07
2.21 0.0579065 2.99707e-07
2.22 0.0581091 3.04585e-07
2.23 0.0583107 3.0952e-07
2.24 0.0585112 3.14512e-07
2.25 0.0587106 3.19562e-07
2.26 0.058909 3.24668e-07
2.27 0.0591063 3.29833e-07
2.28 0.0593026 3.35055e-07
2.29 0.0594979 3.40336e-07
2.3 0.0596921 3.45676e-07
2.31 0.0598852 3.51075e-07
2.32 0.0600773 3.56533e-07
2.33 0.0602684 3.62051e-07
2.34 0.0604584 3.67628e-07
2.35 0.0606474 3.73266e-07
2.36 0.0608353 3.78965e-07
2.37 0.0610221 3.84724e-07
2.38 0.061208 3.90545e-07
2.39 0.0613928 3.96427e-07
2.4 0.0615765 4.02371e-07
2.41 0.0617592 4.08377e-07
2.42 0.0619409 4.14445e-07
2.43 0.0621215 4.20576e-07
2.44 0.0623012 4.2677e-07
2.45 0.0624798 4.33027e-07
2.46 0.0626573 4.39347e-07
2.47 0.0628339 4.45732e-07
2.48 0.0630094 4.5218e-07
2.49 0.0631839 4.58693e-07
2.5 0.0633575 4.6527e-07
2.51 0.06353 4.71913e-07
2.52 0.0637015 4.7862e-07
2.53 0.063872 4.85394e-07
2.54 0.0640415 4.92232e-07
2.55 0.06421 4.99137e-07
2.56 0.0643776 5.06108e-07
2.57 0.0645442 5.13146e-07
2.58 0.0647097 5.20251e-07
2.59 0.0648744 5.27422e-07
2.6 0.065038 5.34661e-07
2.61 0.0652007 5.41968e-07
2.62 0.0653625 5.49343e-07
2.63 0.0655233 5.56785e-07
2.64 0.0656831 5.64296e-07
2.65 0.065842 5.71876e-07
2.66 0.066 5.79525e-07
2.67 0.0661571 5.87243e-07
2.68 0.0663132 5.9503e-07
2.69 0.0664684 6.02888e-07
2.7 0.0666227 6.10815e-07
2.71 0.0667761 6.18812e-07
2.72 0.0669286 6.2688e-07
2.73 0.0670802 6.35018e-07
2.74 0.067231 6.43227e-07
2.75 0.0673808 6.51508e-07
2.76 0.0675298 6.5986e-07
2.77 0.0676779 6.68284e-07
2.78 0.0678251 6.76779e-07
2.79 0.0679715 6.85347e-07
2.8 0.0681171 6.93987e-07
2.81 0.0682618 7.027e-07
2.82 0.0684056 7.11486e-07
2.83 0.0685487 7.20345e-07
2.84 0.0686909 7.29277e-07
2.85 0.0688323 7.38283e-07
2.86 0.0689729 7.47363e-07
2.87 0.0691127 7.56516e-07
2.88 0.0692517 7.65744e-07
2.89 0.0693899 7.75047e-07
2.9 0.0695273 7.84424e-07
2.91 0.069664 7.93877e-07
2.92 0.0697999 8.03404e-07
2.93 0.069935 8.13007e-07
2.94 0.0700694 8.22686e-07
2.95 0.070203 8.3244e-07
2.96 0.0703359 8.42271e-07
2.97 0.070468 8.52178e-07
2.98 0.0705994 8.62161e-07
2.99 0.0707302 8.72222e-07
3 0.0708601 8.82359e-07
3.01 0.0709894 8.92573e-07
3.02 0.071118 9.02865e-07
3.03 0.0712459 9.13235e-07
3.04 0.0713731 9.23683e-07
3.05 0.0714997 9.34208e-07
3.06 0.0716255 9.44812e-07
3.07 0.0717507 9.55495e-07
3.08 0.0718753 9.66256e-07
3.09 0.0719991 9.77096e-07
3.1 0.0721224 9.88015e-07
3.11 0.072245 9.99014e-07
3.12 0.072367 1.01009e-06
3.13 0.0724883 1.02125e-06
3.14 0.0726091 1.03249e-06
3.15 0.0727292 1.04381e-06
3.16 0.0728487 1.05521e-06
3.17 0.0729676 1.06669e-06
3.18 0.073086 1.07825e-06
3.19 0.0732037 1.08989e-06
3.2 0.0733209 1.10161e-06
3.21 0.0734375 1.11342e-06
3.22 0.0735535 1.1253e-06
3.23 0.073669 1.13727e-06
3.24 0.0737839 1.14932e-06
3.25 0.0738983 1.16145e-06
3.26 0.0740122 1.17367e-06
3.27 0.0741255 1.18596e-06
3.28 0.0742383 1.19834e-06
3.29 0.0743505 1.21081e-06
3.3 0.0744623 1.22336e-06
3.31 0.0745735 1.23599e-06
3.32 0.0746843 1.2487e-06
3.33 0.0747946 1.2615e-06
3.34 0.0749043 1.27438e-06
3.35 0.0750136 1.28735e-06
3.36 0.0751224 1.3004e-06
3.37 0.0752308 1.31354e-06
3.38 0.0753386 1.32676e-06
3.39 0.0754461 1.34007e-06
3.4 0.075553 1.35346e-06
3.41 0.0756596 1.36693e-06
3.42 0.0757656 1.3805e-06
3.43 0.0758713 1.39415e-06
3.44 0.0759765 1.40788e-06
3.45 0.0760813 1.42171e-06
3.46 0.0761857 1.43561e-06
3.47 0.0762897 1.44961e-06
3.48 0.0763932 1.46369e-06
3.49 0.0764964 1.47786e-06
3.5 0.0765991 1.49212e-06
3.51 0.0767015 1.50646e-06
3.52 0.0768035 1.5209e-06
3.53 0.0769051 1.53542e-06
3.54 0.0770064 1.55003e-06
3.55 0.0771072 1.56472e-06
3.56 0.0772078 1.57951e-06
3.57 0.0773079 1.59438e-06
3.58 0.0774077 1.60935e-06
3.59 0.0775072 1.6244e-06
3.6 0.0776063 1.63954e-06
3.61 0.077705 1.65478e-06
3.62 0.0778035 1.6701e-06
3.63 0.0779016 1.68551e-06
3.64 0.0779994 1.70101e-06
3.65 0.0780969 1.71661e-06
3.66 0.078194 1.73229e-06
3.67 0.0782909 1.74806e-06
3.68 0.0783874 1.76393e-06
3.69 0.0784837 1.77989e-06
3.7 0.0785796 1.79594e-06
3.71 0.0786753 1.81208e-06
3.72 0.0787707 1.82831e-06
3.73 0.0788658 1.84463e-06
3.74 0.0789606 1.86105e-06
3.75 0.0790552 1.87756e-06
3.76 0.0791495 1.89416e-06
3.77 0.0792435 1.91085e-06
3.78 0.0793373 1.92764e-06
3.79 0.0794308 1.94452e-06
3.8 0.0795241 1.9615e-06
3.81 0.0796171 1.97856e-06
3.82 0.0797099 1.99573e-06
3.83 0.0798024 2.01298e-06
3.84 0.0798947 2.03033e-06
3.85 0.0799868 2.04778e-06
3.86 0.0800786 2.06532e-06
3.87 0.0801703 2.08295e-06
3.88 0.0802617 2.10069e-06
3.89 0.0803529 2.11851e-06
3.9 0.0804439 2.13643e-06
3.91 0.0805347 2.15445e-06
3.92 0.0806252 2.17256e-06
3.93 0.0807156 2.19077e-06
3.94 0.0808058 2.20908e-06
3.95 0.0808958 2.22748e-06
3.96 0.0809856 2.24598e-06
3.97 0.0810752 2.26458e-06
3.98 0.0811647 2.28327e-06
3.99 0.081254 2.30206e-06
4 0.0813431 2.32095e-06
4.01 0.081432 2.33994e-06
4.02 0.0815207 2.35903e-06
4.03 0.0816093 2.37821e-06
4.04 0.0816978 2.39749e-06
4.05 0.081786 2.41687e-06
4.06 0.0818741 2.43635e-06
4.07 0.0819621 2.45593e-06
4.08 0.0820499 2.47561e-06
4.09 0.0821376 2.49539e-06
4.1 0.0822251 2.51527e-06
4.11 0.0823125 2.53525e-06
4.12 0.0823998 2.55533e-06
4.13 0.0824869 2.57551e-06
4.14 0.0825739 2.59579e-06
4.15 0.0826608 2.61617e-06
4.16 0.0827475 2.63665e-06
4.17 0.0828342 2.65723e-06
4.18 0.0829207 2.67792e-06
4.19 0.0830071 2.69871e-06
4.2 0.0830933 2.7196e-06
4.21 0.0831795 2.74059e-06
4.22 0.0832656 2.76168e-06
4.23 0.0833515 2.78288e-06
4.24 0.0834374 2.80418e-06
4.25 0.0835231 2.82558e-06
4.26 0.0836088 2.84709e-06
4.27 0.0836944 2.8687e-06
4.28 0.0837798 2.89042e-06
4.29 0.0838652 2.91223e-06
4.3 0.0839505 2.93416e-06
4.31 0.0840357 2.95618e-06
4.32 0.0841209 2.97832e-06
4.33 0.0842059 3.00055e-06
4.34 0.0842909 3.0229e-06
4.35 0.0843758 3.04534e-06
4.36 0.0844606 3.0679e-06
4.37 0.0845453 3.09056e-06
4.38 0.08463 3.11332e-06
4.39 0.0847147 3.1362e-06
4.4 0.0847992 3.15918e-06
4.41 0.0848837 3.18226e-06
4.42 0.0849681 3.20546e-06
4.43 0.0850525 3.22876e-06
4.44 0.0851368 3.25216e-06
4.45 0.0852211 3.27568e-06
4.46 0.0853053 3.2993e-06
4.47 0.0853895 3.32304e-06
4.48 0.0854736 3.34688e-06
4.49 0.0855576 3.37083e-06
4.5 0.0856417 3.39489e-06
4.51 0.0857256 3.41905e-06
4.52 0.0858096 3.44333e-06
4.53 0.0858935 3.46772e-06
4.54 0.0859774 3.49222e-06
4.55 0.0860612 3.51682e-06
4.56 0.086145 3.54154e-06
4.57 0.0862288 3.56637e-06
4.58 0.0863125 3.59131e-06
4.59 0.0863962 3.61636e-06
4.6 0.0864799 3.64152e-06
4.61 0.0865636 3.6668e-06
4.62 0.0866472 3.69218e-06
4.63 0.0867308 3.71768e-06
4.64 0.0868144 3.74329e-06
4.65 0.086898 3.76901e-06
4.66 0.0869816 3.79485e-06
4.67 0.0870651 3.8208e-06
4.68 0.0871486 3.84686e-06
4.69 0.0872322 3.87304e-06
4.7 0.0873157 3.89933e-06
4.71 0.0873992 3.92574e-06
4.72 0.0874827 3.95225e-06
4.73 0.0875662 3.97889e-06
4.74 0.0876497 4.00564e-06
4.75 0.0877332 4.0325e-06
4.76 0.0878167 4.05948e-06
4.77 0.0879001 4.08658e-06
4.78 0.0879836 4.11379e-06
4.79 0.0880671 4.14111e-06
4.8 0.0881506 4.16856e-06
4.81 0.0882341 4.19612e-06
4.82 0.0883176 4.2238e-06
4.83 0.0884011 4.25159e-06
4.84 0.0884847 4.2795e-06
4.85 0.0885682 4.30754e-06
4.86 0.0886517 4.33568e-06
4.87 0.0887353 4.36395e-06
4.88 0.0888189 4.39234e-06
4.89 0.0889025 4.42084e-06
4.9 0.0889861 4.44946e-06
4.91 0.0890697 4.47821e-06
4.92 0.0891533 4.50707e-06
4.93 0.089237 4.53605e-06
4.94 0.0893207 4.56515e-06
4.95 0.0894044 4.59438e-06
4.96 0.0894881 4.62372e-06
4.97 0.0895718 4.65318e-06
4.98 0.0896556 4.68277e-06
4.99 0.0897394 4.71248e-06
5 0.0898233 4.74231e-06
5.01 0.0899071 4.77226e-06
5.02 0.089991 4.80233e-06
5.03 0.0900749 4.83253e-06
5.04 0.0901589 4.86285e-06
5.05 0.0902429 4.89329e-06
5.06 0.0903269 4.92386e-06
5.07 0.0904109 4.95455e-06
5.08 0.090495 4.98536e-06
5.09 0.0905791 5.0163e-06
5.1 0.0906633 5.04736e-06
5.11 0.0907475 5.07855e-06
5.12 0.0908317 5.10986e-06
5.13 0.090916 5.1413e-06
5.14 0.0910003 5.17286e-06
5.15 0.0910847 5.20455e-06
5.16 0.0911691 5.23637e-06
5.17 0.0912535 5.26831e-06
5.18 0.091338 5.30038e-06
5.19 0.0914226 5.33258e-06
5.2 0.0915072 5.3649e-06
5.21 0.0915918 5.39735e-06
5.22 0.0916765 5.42993e-06
5.23 0.0917612 5.46264e-06
5.24 0.091846 5.49548e-06
5.25 0.0919308 5.52844e-06
5.26 0.0920156 5.56154e-06
5.27 0.0921006 5.59476e-06
5.28 0.0921855 5.62811e-06
5.29 0.0922706 5.6616e-06
5.3 0.0923557 5.69521e-06
5.31 0.0924408 5.72896e-06
5.32 0.092526 5.76283e-06
5.33 0.0926112 5.79684e-06
5.34 0.0926965 5.83098e-06
5.35 0.0927819 5.86525e-06
5.36 0.0928673 5.89965e-06
5.37 0.0929528 5.93418e-06
5.38 0.0930383 5.96885e-06
5.39 0.0931239 6.00365e-06
5.4 0.0932096 6.03858e-06
5.41 0.0932953 6.07365e-06
5.42 0.0933811 6.10885e-06
5.43 0.0934669 6.14419e-06
5.44 0.0935528 6.17966e-06
5.45 0.0936388 6.21526e-06
5.46 0.0937248 6.251e-06
5.47 0.0938109 6.28687e-06
5.48 0.0938971 6.32289e-06
5.49 0.0939833 6.35903e-06
5.5 0.0940696 6.39532e-06
5.51 0.094156 6.43174e-06
5.52 0.0942424 6.46829e-06
5.53 0.0943289 6.50499e-06
5.54 0.0944155 6.54182e-06
5.55 0.0945021 6.57879e-06
5.56 0.0945888 6.6159e-06
5.57 0.0946756 6.65314e-06
5.58 0.0947624 6.69053e-06
5.59 0.0948493 6.72805e-06
5.6 0.0949363 6.76572e-06
5.61 0.0950234 6.80352e-06
5.62 0.0951105 6.84146e-06
5.63 0.0951977 6.87955e-06
5.64 0.095285 6.91777e-06
5.65 0.0953724 6.95614e-06
5.66 0.0954598 6.99465e-06
5.67 0.0955473 7.03329e-06
5.68 0.0956349 7.07209e-06
5.69 0.0957225 7.11102e-06
5.7 0.0958103 7.1501e-06
5.71 0.0958981 7.18932e-06
5.72 0.095986 7.22868e-06
5.73 0.0960739 7.26818e-06
5.74 0.096162 7.30784e-06
5.75 0.0962501 7.34763e-06
5.76 0.0963383 7.38757e-06
5.77 0.0964266 7.42765e-06
5.78 0.0965149 7.46788e-06
5.79 0.0966034 7.50826e-06
5.8 0.0966919 7.54878e-06
5.81 0.0967805 7.58945e-06
5.82 0.0968692 7.63026e-06
5.83 0.096958 7.67122e-06
5.84 0.0970468 7.71233e-06
5.85 0.0971358 7.75359e-06
5.86 0.0972248 7.79499e-06
5.87 0.0973139 7.83655e-06
5.88 0.0974031 7.87825e-06
5.89 0.0974924 7.9201e-06
5.9 0.0975817 7.9621e-06
5.91 0.0976712 8.00425e-06
5.92 0.0977607 8.04655e-06
5.93 0.0978503 8.089e-06
5.94 0.09794 8.1316e-06
5.95 0.0980298 8.17435e-06
5.96 0.0981197 8.21725e-06
5.97 0.0982097 8.26031e-06
5.98 0.0982997 8.30352e-06
5.99 0.0983899 8.34688e-06
6 0.0984801 8.39039e-06
6.01 0.0985704 8.43405e-06
6.02 0.0986608 8.47787e-06
6.03 0.0987513 8.52185e-06
6.04 0.0988419 8.56597e-06
6.05 0.0989326 8.61026e-06
6.06 0.0990234 8.65469e-06
6.07 0.0991142 8.69929e-06
6.08 0.0992052 8.74403e-06
6.09 0.0992962 8.78894e-06
6.1 0.0993874 8.834e-06
6.11 0.0994786 8.87921e-06
6.12 0.0995699 8.92459e-06
6.13 0.0996613 8.97012e-06
6.14 0.0997529 9.01581e-06
6.15 0.0998445 9.06166e-06
6.16 0.0999362 9.10766e-06
6.17 0.100028 9.15383e-06
6.18 0.10012 9.20015e-06
6.19 0.100212 9.24664e-06
6.2 0.100304 9.29328e-06
6.21 0.100396 9.34008e-06
6.22 0.100488 9.38705e-06
6.23 0.100581 9.43417e-06
6.24 0.100673 9.48146e-06
6.25 0.100766 9.52891e-06
6.26 0.100858 9.57652e-06
6.27 0.100951 9.6243e-06
6.28 0.101044 9.67223e-06
6.29 0.101137 9.72034e-06
6.3 0.10123 9.7686e-06
6.31 0.101323 9.81703e-06
6.32 0.101416 9.86562e-06
6.33 0.10151 9.91438e-06
6.34 0.101603 9.9633e-06
6.35 0.101697 1.00124e-05
6.36 0.10179 1.00616e-05
6.37 0.101884 1.01111e-05
6.38 0.101978 1.01607e-05
6.39 0.102072 1.02104e-05
6.4 0.102166 1.02603e-05
6.41 0.10226 1.03104e-05
6.42 0.102354 1.03607e-05
6.43 0.102449 1.04111e-05
6.44 0.102543 1.04617e-05
6.45 0.102638 1.05125e-05
6.46 0.102732 1.05634e-05
6.47 0.102827 1.06145e-05
6.48 0.102922 1.06658e-05
6.49 0.103017 1.07172e-05
6.5 0.103112 1.07688e-05
6.51 0.103207 1.08206e-05
6.52 0.103302 1.08726e-05
6.53 0.103398 1.09247e-05
6.54 0.103493 1.0977e-05
6.55 0.103589 1.10295e-05
6.56 0.103684 1.10822e-05
6.57 0.10378 1.1135e-05
6.58 0.103876 1.1188e-05
6.59 0.103972 1.12412e-05
6.6 0.104068 1.12946e-05
6.61 0.104164 1.13481e-05
6.62 0.104261 1.14018e-05
6.63 0.104357 1.14557e-05
6.64 0.104454 1.15097e-05
6.65 0.10455 1.1564e-05
6.66 0.104647 1.16184e-05
6.67 0.104744 1.1673e-05
6.68 0.104841 1.17278e-05
6.69 0.104938 1.17827e-05
6.7 0.105035 1.18378e-05
6.71 0.105132 1.18931e-05
6.72 0.10523 1.19486e-05
6.73 0.105327 1.20043e-05
6.74 0.105425 1.20602e-05
6.75 0.105523 1.21162e-05
6.76 0.10562 1.21724e-05
6.77 0.105718 1.22288e-05
6.78 0.105816 1.22854e-05
6.79 0.105915 1.23422e-05
6.8 0.106013 1.23991e-05
6.81 0.106111 1.24562e-05
6.82 0.10621 1.25136e-05
6.83 0.106308 1.25711e-05
6.84 0.106407 1.26288e-05
6.85 0.106506 1.26866e-05
6.86 0.106605 1.27447e-05
6.87 0.106704 1.28029e-05
6.88 0.106803 1.28614e-05
6.89 0.106902 1.292e-05
6.9 0.107002 1.29788e-05
6.91 0.107101 1.30378e-05
6.92 0.107201 1.3097e-05
6.93 0.1073 1.31564e-05
6.94 0.1074 1.32159e-05
6.95 0.1075 1.32757e-05
6.96 0.1076 1.33356e-05
6.97 0.1077 1.33958e-05
6.98 0.107801 1.34561e-05
6.99 0.107901 1.35166e-05
7 0.108002 1.35773e-05
7.01 0.108102 1.36382e-05
7.02 0.108203 1.36993e-05
7.03 0.108304 1.37606e-05
7.04 0.108405 1.38221e-05
7.05 0.108506 1.38838e-05
7.06 0.108607 1.39457e-05
7.07 0.108708 1.40077e-05
7.08 0.10881 1.407e-05
7.09 0.108911 1.41325e-05
7.1 0.109013 1.41951e-05
7.11 0.109115 1.4258e-05
7.12 0.109217 1.43211e-05
7.13 0.109319 1.43843e-05
7.14 0.109421 1.44478e-05
7.15 0.109523 1.45114e-05
7.16 0.109625 1.45753e-05
7.17 0.109728 1.46393e-05
7.18 0.10983 1.47036e-05
7.19 0.109933 1.4768e-05
7.2 0.110036 1.48327e-05
7.21 0.110139 1.48975e-05
7.22 0.110242 1.49626e-05
7.23 0.110345 1.50279e-05
7.24 0.110449 1.50933e-05
7.25 0.110552 1.5159e-05
7.26 0.110655 1.52249e-05
7.27 0.110759 1.52909e-05
7.28 0.110863 1.53572e-05
7.29 0.110967 1.54237e-05
7.3 0.111071 1.54904e-05
7.31 0.111175 1.55573e-05
7.32 0.111279 1.56244e-05
7.33 0.111384 1.56917e-05
7.34 0.111488 1.57593e-05
7.35 0.111593 1.5827e-05
7.36 0.111698 1.58949e-05
7.37 0.111802 1.59631e-05
7.38 0.111907 1.60315e-05
7.39 0.112013 1.61e-05
7.4 0.112118 1.61688e-05
7.41 0.112223 1.62378e-05
7.42 0.112329 1.6307e-05
7.43 0.112434 1.63764e-05
7.44 0.11254 1.64461e-05
7.45 0.112646 1.65159e-05
7.46 0.112752 1.6586e-05
7.47 0.112858 1.66562e-05
7.48 0.112964 1.67267e-05
7.49 0.11307 1.67974e-05
7.5 0.113177 1.68683e-05
7.51 0.113284 1.69395e-05
7.52 0.11339 1.70108e-05
7.53 0.113497 1.70824e-05
7.54 0.113604 1.71542e-05
7.55 0.113711 1.72262e-05
7.56 0.113818 1.72984e-05
7.57 0.113926 1.73709e-05
7.58 0.114033 1.74435e-05
7.59 0.114141 1.75164e-05
7.6 0.114248 1.75895e-05
7.61 0.114356 1.76629e-05
7.62 0.114464 1.77364e-05
7.63 0.114572 1.78102e-05
7.64 0.114681 1.78842e-05
7.65 0.114789 1.79584e-05
7.66 0.114897 1.80328e-05
7.67 0.115006 1.81075e-05
7.68 0.115115 1.81824e-05
7.69 0.115224 1.82575e-05
7.7 0.115333 1.83329e-05
7.71 0.115442 1.84084e-05
7.72 0.115551 1.84842e-05
7.73 0.11566 1.85602e-05
7.74 0.11577 1.86365e-05
7.75 0.115879 1.8713e-05
7.76 0.115989 1.87897e-05
7.77 0.116099 1.88666e-05
7.78 0.116209 1.89438e-05
7.79 0.116319 1.90212e-05
7.8 0.11643 1.90988e-05
7.81 0.11654 1.91767e-05
7.82 0.11665 1.92548e-05
7.83 0.116761 1.93331e-05
7.84 0.116872 1.94117e-05
7.85 0.116983 1.94905e-05
7.86 0.117094 1.95695e-05
7.87 0.117205 1.96488e-05
7.88 0.117316 1.97283e-05
7.89 0.117428 1.9808e-05
7.9 0.117539 1.9888e-05
7.91 0.117651 1.99682e-05
7.92 0.117763 2.00487e-05
7.93 0.117875 2.01294e-05
7.94 0.117987 2.02103e-05
7.95 0.118099 2.02915e-05
7.96 0.118212 2.03729e-05
7.97 0.118324 2.04545e-05
7.98 0.118437 2.05364e-05
7.99 0.11855 2.06186e-05
8 0.118663 2.07009e-05
8.01 0.118776 2.07836e-05
8.02 0.118889 2.08664e-05
8.03 0.119002 2.09495e-05
8.04 0.119115 2.10329e-05
8.05 0.119229 2.11165e-05
8.06 0.119343 2.12003e-05
8.07 0.119457 2.12844e-05
8.08 0.119571 2.13687e-05
8.09 0.119685 2.14533e-05
8.1 0.119799 2.15382e-05
8.11 0.119913 2.16232e-05
8.12 0.120028 2.17086e-05
8.13 0.120142 2.17941e-05
8.14 0.120257 2.188e-05
8.15 0.120372 2.1966e-05
8.16 0.120487 2.20524e-05
8.17 0.120602 2.2139e-05
8.18 0.120718 2.22258e-05
8.19 0.120833 2.23129e-05
8.2 0.120949 2.24002e-05
8.21 0.121065 2.24878e-05
8.22 0.121181 2.25757e-05
8.23 0.121297 2.26638e-05
8.24 0.121413 2.27521e-05
8.25 0.121529 2.28408e-05
8.26 0.121645 2.29296e-05
8.27 0.121762 2.30188e-05
8.28 0.121879 2.31082e-05
8.29 0.121996 2.31978e-05
8.3 0.122113 2.32877e-05
8.31 0.12223 2.33779e-05
8.32 0.122347 2.34684e-05
8.33 0.122464 2.3559e-05
8.34 0.122582 2.365e-05
8.35 0.1227 2.37412e-05
8.36 0.122818 2.38327e-05
8.37 0.122936 2.39245e-05
8.38 0.123054 2.40165e-05
8.39 0.123172 2.41088e-05
8.4 0.12329 2.42013e-05
8.41 0.123409 2.42941e-05
8.42 0.123528 2.43872e-05
8.43 0.123646 2.44805e-05
8.44 0.123765 2.45742e-05
8.45 0.123884 2.4668e-05
8.46 0.124004 2.47622e-05
8.47 0.124123 2.48566e-05
8.48 0.124243 2.49513e-05
8.49 0.124362 2.50463e-05
8.5 0.124482 2.51415e-05
8.51 0.124602 2.5237e-05
8.52 0.124722 2.53328e-05
8.53 0.124842 2.54289e-05
8.54 0.124963 2.55252e-05
8.55 0.125083 2.56218e-05
8.56 0.125204 2.57187e-05
8.57 0.125325 2.58159e-05
8.58 0.125446 2.59133e-05
8.59 0.125567 2.6011e-05
8.6 0.125688 2.6109e-05
8.61 0.12581 2.62073e-05
8.62 0.125931 2.63058e-05
8.63 0.126053 2.64047e-05
8.64 0.126175 2.65038e-05
8.65 0.126297 2.66032e-05
8.66 0.126419 2.67028e-05
8.67 0.126541 2.68028e-05
8.68 0.126664 2.69031e-05
8.69 0.126786 2.70036e-05
8.7 0.126909 2.71044e-05
8.71 0.127032 2.72055e-05
8.72 0.127155 2.73069e-05
8.73 0.127278 2.74086e-05
8.74 0.127401 2.75105e-05
8.75 0.127525 2.76128e-05
8.76 0.127649 2.77153e-05
8.77 0.127772 2.78181e-05
8.78 0.127896 2.79213e-05
8.79 0.12802 2.80247e-05
8.8 0.128144 2.81284e-05
8.81 0.128269 2.82324e-05
8.82 0.128393 2.83367e-05
8.83 0.128518 2.84412e-05
8.84 0.128643 2.85461e-05
8.85 0.128768 2.86513e-05
8.86 0.128893 2.87567e-05
8.87 0.129018 2.88625e-05
8.88 0.129144 2.89686e-05
8.89 0.129269 2.90749e-05
8.9 0.129395 2.91816e-05
8.91 0.129521 2.92885e-05
8.92 0.129647 2.93958e-05
8.93 0.129773 2.95034e-05
8.94 0.129899 2.96112e-05
8.95 0.130026 2.97194e-05
8.96 0.130152 2.98278e-05
8.97 0.130279 2.99366e-05
8.98 0.130406 3.00457e-05
8.99 0.130533 3.01551e-05
9 0.130661 3.02647e-05
9.01 0.130788 3.03747e-05
9.02 0.130916 3.0485e-05
9.03 0.131043 3.05956e-05
9.04 0.131171 3.07065e-05
9.05 0.131299 3.08177e-05
9.06 0.131427 3.09293e-05
9.07 0.131556 3.10411e-05
9.08 0.131684 3.11533e-05
9.09 0.131813 3.12657e-05
9.1 0.131942 3.13785e-05
9.11 0.13207 3.14916e-05
9.12 0.1322 3.1605e-05
9.13 0.132329 3.17187e-05
9.14 0.132458 3.18328e-05
9.15 0.132588 3.19471e-05
9.16 0.132718 3.20618e-05
9.17 0.132848 3.21768e-05
9.18 0.132978 3.22921e-05
9.19 0.133108 3.24077e-05
9.2 0.133238 3.25236e-05
9.21 0.133369 3.26399e-05
9.22 0.133499 3.27565e-05
9.23 0.13363 3.28734e-05
9.24 0.133761 3.29906e-05
9.25 0.133892 3.31082e-05
9.26 0.134024 3.32261e-05
9.27 0.134155 3.33443e-05
9.28 0.134287 3.34628e-05
9.29 0.134419 3.35817e-05
9.3 0.134551 3.37009e-05
9.31 0.134683 3.38204e-05
9.32 0.134815 3.39402e-05
9.33 0.134947 3.40604e-05
9.34 0.13508 3.41809e-05
9.35 0.135213 3.43017e-05
9.36 0.135346 3.44229e-05
9.37 0.135479 3.45444e-05
9.38 0.135612 3.46663e-05
9.39 0.135746 3.47884e-05
9.4 0.135879 3.49109e-05
9.41 0.136013 3.50338e-05
9.42 0.136147 3.5157e-05
9.43 0.136281 3.52805e-05
9.44 0.136415 3.54043e-05
9.45 0.136549 3.55285e-05
9.46 0.136684 3.56531e-05
9.47 0.136819 3.57779e-05
9.48 0.136954 3.59032e-05
9.49 0.137089 3.60287e-05
9.5 0.137224 3.61546e-05
9.51 0.137359 3.62809e-05
9.52 0.137495 3.64075e-05
9.53 0.13763 3.65344e-05
9.54 0.137766 3.66617e-05
9.55 0.137902 3.67893e-05
9.56 0.138039 3.69173e-05
9.57 0.138175 3.70456e-05
9.58 0.138312 3.71743e-05
9.59 0.138448 3.73033e-05
9.6 0.138585 3.74327e-05
9.61 0.138722 3.75625e-05
9.62 0.138859 3.76926e-05
9.63 0.138997 3.7823e-05
9.64 0.139134 3.79538e-05
9.65 0.139272 3.80849e-05
9.66 0.13941 3.82164e-05
9.67 0.139548 3.83483e-05
9.68 0.139686 3.84805e-05
9.69 0.139825 3.86131e-05
9.7 0.139963 3.87461e-05
9.71 0.140102 3.88794e-05
9.72 0.140241 3.9013e-05
9.73 0.14038 3.9147e-05
9.74 0.140519 3.92814e-05
9.75 0.140659 3.94162e-05
9.76 0.140798 3.95513e-05
9.77 0.140938 3.96868e-05
9.78 0.141078 3.98226e-05
9.79 0.141218 3.99589e-05
9.8 0.141358 4.00954e-05
9.81 0.141499 4.02324e-05
9.82 0.141639 4.03697e-05
9.83 0.14178 4.05074e-05
9.84 0.141921 4.06455e-05
9.85 0.142062 4.07839e-05
9.86 0.142203 4.09227e-05
9.87 0.142345 4.10619e-05
9.88 0.142487 4.12015e-05
9.89 0.142628 4.13414e-05
9.9 0.14277 4.14817e-05
9.91 0.142913 4.16224e-05
9.92 0.143055 4.17635e-05
9.93 0.143197 4.19049e-05
9.94 0.14334 4.20468e-05
9.95 0.143483 4.2189e-05
9.96 0.143626 4.23316e-05
9.97 0.143769 4.24746e-05
9.98 0.143913 4.26179e-05
9.99 0.144056 4.27617e-05
10 0.1442 4.29058e-05
10.01 0.144344 4.30503e-05
10.02 0.144488 4.31952e-05
10.03 0.144632 4.33405e-05
10.04 0.144777 4.34862e-05
10.05 0.144922 4.36323e-05
10.06 0.145066 4.37787e-05
10.07 0.145211 4.39256e-05
10.08 0.145357 4.40728e-05
10.09 0.145502 4.42205e-05
10.1 0.145648 4.43685e-05
10.11 0.145793 4.4517e-05
10.12 0.145939 4.46658e-05
10.13 0.146085 4.4815e-05
10.14 0.146232 4.49647e-05
10.15 0.146378 4.51147e-05
10.16 0.146525 4.52651e-05
10.17 0.146671 4.54159e-05
10.18 0.146818 4.55672e-05
10.19 0.146966 4.57188e-05
10.2 0.147113 4.58708e-05
10.21 0.14726 4.60233e-05
10.22 0.147408 4.61761e-05
10.23 0.147556 4.63294e-05
10.24 0.147704 4.64831e-05
10.25 0.147852 4.66371e-05
10.26 0.148001 4.67916e-05
10.27 0.14815 4.69465e-05
10.28 0.148298 4.71018e-05
10.29 0.148447 4.72576e-05
10.3 0.148597 4.74137e-05
10.31 0.148746 4.75702e-05
10.32 0.148895 4.77272e-05
10.33 0.149045 4.78846e-05
10.34 0.149195 4.80424e-05
10.35 0.149345 4.82006e-05
10.36 0.149496 4.83592e-05
10.37 0.149646 4.85183e-05
10.38 0.149797 4.86778e-05
10.39 0.149948 4.88377e-05
10.4 0.150099 4.8998e-05
10.41 0.15025 4.91588e-05
10.42 0.150401 4.93199e-05
10.43 0.150553 4.94815e-05
10.44 0.150705 4.96436e-05
10.45 0.150857 4.9806e-05
10.46 0.151009 4.99689e-05
10.47 0.151161 5.01322e-05
10.48 0.151314 5.0296e-05
10.49 0.151467 5.04602e-05
10.5 0.151619 5.06248e-05
10.51 0.151773 5.07899e-05
10.52 0.151926 5.09553e-05
10.53 0.152079 5.11213e-05
10.54 0.152233 5.12876e-05
10.55 0.152387 5.14544e-05
10.56 0.152541 5.16217e-05
10.57 0.152695 5.17894e-05
10.58 0.15285 5.19575e-05
10.59 0.153004 5.2126e-05
10.6 0.153159 5.22951e-05
10.61 0.153314 5.24645e-05
10.62 0.15347 5.26344e-05
10.63 0.153625 5.28048e-05
10.64 0.153781 5.29756e-05
10.65 0.153936 5.31468e-05
10.66 0.154092 5.33185e-05
10.67 0.154249 5.34907e-05
10.68 0.154405 5.36633e-05
10.69 0.154562 5.38363e-05
10.7 0.154718 5.40098e-05
10.71 0.154875 5.41838e-05
10.72 0.155033 5.43582e-05
10.73 0.15519 5.45331e-05
10.74 0.155348 5.47084e-05
10.75 0.155505 5.48842e-05
10.76 0.155663 5.50605e-05
10.77 0.155822 5.52372e-05
10.78 0.15598 5.54144e-05
10.79 0.156138 5.5592e-05
10.8 0.156297 5.57701e-05
10.81 0.156456 5.59487e-05
10.82 0.156615 5.61278e-05
10.83 0.156775 5.63073e-05
10.84 0.156934 5.64873e-05
10.85 0.157094 5.66677e-05
10.86 0.157254 5.68486e-05
10.87 0.157414 5.703e-05
10.88 0.157574 5.72119e-05
10.89 0.157735 5.73943e-05
10.9 0.157896 5.75771e-05
10.91 0.158057 5.77604e-05
10.92 0.158218 5.79442e-05
10.93 0.158379 5.81284e-05
10.94 0.158541 5.83132e-05
10.95 0.158703 5.84984e-05
10.96 0.158865 5.86841e-05
10.97 0.159027 5.88703e-05
10.98 0.159189 5.9057e-05
10.99 0.159352 5.92442e-05
11 0.159514 5.94318e-05
11.01 0.159677 5.96199e-05
11.02 0.159841 5.98086e-05
11.03 0.160004 5.99977e-05
11.04 0.160168 6.01873e-05
11.05 0.160331 6.03774e-05
11.06 0.160495 6.0568e-05
11.07 0.16066 6.07591e-05
11.08 0.160824 6.09507e-05
11.09 0.160989 6.11428e-05
11.1 0.161154 6.13354e-05
11.11 0.161319 6.15285e-05
11.12 0.161484 6.17221e-05
11.13 0.161649 6.19162e-05
11.14 0.161815 6.21108e-05
11.15 0.161981 6.23059e-05
11.16 0.162147 6.25015e-05
11.17 0.162313 6.26976e-05
11.18 0.16248 6.28943e-05
11.19 0.162646 6.30914e-05
11.2 0.162813 6.3289e-05
11.21 0.16298 6.34872e-05
11.22 0.163148 6.36859e-05
11.23 0.163315 6.38851e-05
11.24 0.163483 6.40848e-05
11.25 0.163651 6.4285e-05
11.26 0.163819 6.44858e-05
11.27 0.163988 6.4687e-05
11.28 0.164156 6.48888e-05
11.29 0.164325 6.50911e-05
11.3 0.164494 6.52939e-05
11.31 0.164663 6.54973e-05
11.32 0.164833 6.57012e-05
11.33 0.165003 6.59056e-05
11.34 0.165172 6.61105e-05
11.35 0.165342 6.6316e-05
11.36 0.165513 6.6522e-05
11.37 0.165683 6.67285e-05
11.38 0.165854 6.69356e-05
11.39 0.166025 6.71432e-05
11.4 0.166196 6.73513e-05
11.41 0.166368 6.756e-05
11.42 0.166539 6.77692e-05
11.43 0.166711 6.79789e-05
11.44 0.166883 6.81892e-05
11.45 0.167055 6.84e-05
11.46 0.167228 6.86114e-05
11.47 0.167401 6.88233e-05
11.48 0.167573 6.90358e-05
11.49 0.167747 6.92488e-05
11.5 0.16792 6.94624e-05
11.51 0.168094 6.96765e-05
11.52 0.168267 6.98911e-05
11.53 0.168441 7.01063e-05
11.54 0.168616 7.03221e-05
11.55 0.16879 7.05384e-05
11.56 0.168965 7.07553e-05
11.57 0.16914 7.09728e-05
11.58 0.169315 7.11908e-05
11.59 0.16949 7.14093e-05
11.6 0.169666 7.16284e-05
11.61 0.169841 7.18481e-05
11.62 0.170017 7.20684e-05
11.63 0.170194 7.22892e-05
11.64 0.17037 7.25106e-05
11.65 0.170547 7.27325e-05
11.66 0.170724 7.2955e-05
11.67 0.170901 7.31781e-05
11.68 0.171078 7.34018e-05
11.69 0.171256 7.3626e-05
11.7 0.171433 7.38508e-05
11.71 0.171612 7.40762e-05
11.72 0.17179 7.43022e-05
11.73 0.171968 7.45287e-05
11.74 0.172147 7.47558e-05
11.75 0.172326 7.49836e-05
11.76 0.172505 7.52118e-05
11.77 0.172684 7.54407e-05
11.78 0.172864 7.56702e-05
11.79 0.173044 7.59002e-05
11.8 0.173224 7.61309e-05
11.81 0.173404 7.63621e-05
11.82 0.173585 7.65939e-05
11.83 0.173766 7.68263e-05
11.84 0.173947 7.70593e-05
11.85 0.174128 7.72929e-05
11.86 0.174309 7.75271e-05
11.87 0.174491 7.77619e-05
11.88 0.174673 7.79974e-05
11.89 0.174855 7.82334e-05
11.9 0.175037 7.847e-05
11.91 0.17522 7.87072e-05
11.92 0.175403 7.8945e-05
11.93 0.175586 7.91834e-05
11.94 0.175769 7.94224e-05
11.95 0.175953 7.96621e-05
11.96 0.176136 7.99023e-05
11.97 0.17632 8.01432e-05
11.98 0.176505 8.03847e-05
11.99 0.176689 8.06268e-05
12 0.176874 8.08695e-05
12.01 0.177059 8.11128e-05
12.02 0.177244 8.13568e-05
12.03 0.177429 8.16014e-05
12.04 0.177615 8.18466e-05
12.05 0.177801 8.20924e-05
12.06 0.177987 8.23389e-05
12.07 0.178173 8.25859e-05
12.08 0.17836 8.28337e-05
12.09 0.178547 8.3082e-05
12.1 0.178734 8.3331e-05
12.11 0.178921 8.35806e-05
12.12 0.179109 8.38308e-05
12.13 0.179297 8.40817e-05
12.14 0.179485 8.43332e-05
12.15 0.179673 8.45854e-05
12.16 0.179861 8.48382e-05
12.17 0.18005 8.50916e-05
12.18 0.180239 8.53457e-05
12.19 0.180428 8.56004e-05
12.2 0.180618 8.58558e-05
12.21 0.180808 8.61118e-05
12.22 0.180998 8.63685e-05
12.23 0.181188 8.66259e-05
12.24 0.181378 8.68838e-05
12.25 0.181569 8.71425e-05
12.26 0.18176 8.74018e-05
12.27 0.181951 8.76617e-05
12.28 0.182142 8.79224e-05
12.29 0.182334 8.81836e-05
12.3 0.182526 8.84456e-05
12.31 0.182718 8.87082e-05
12.32 0.182911 8.89715e-05
12.33 0.183103 8.92354e-05
12.34 0.183296 8.95e-05
12.35 0.183489 8.97653e-05
12.36 0.183683 9.00312e-05
12.37 0.183876 9.02979e-05
12.38 0.18407 9.05652e-05
12.39 0.184264 9.08332e-05
12.4 0.184459 9.11018e-05
12.41 0.184653 9.13712e-05
12.42 0.184848 9.16412e-05
12.43 0.185043 9.19119e-05
12.44 0.185239 9.21833e-05
12.45 0.185435 9.24554e-05
12.46 0.18563 9.27281e-05
12.47 0.185827 9.30016e-05
12.48 0.186023 9.32758e-05
12.49 0.18622 9.35506e-05
12.5 0.186417 9.38261e-05
12.51 0.186614 9.41024e-05
12.52 0.186811 9.43793e-05
12.53 0.187009 9.4657e-05
12.54 0.187207 9.49353e-05
12.55 0.187405 9.52143e-05
12.56 0.187603 9.54941e-05
12.57 0.187802 9.57745e-05
12.58 0.188001 9.60557e-05
12.59 0.1882 9.63376e-05
12.6 0.1884 9.66202e-05
12.61 0.188599 9.69035e-05
12.62 0.188799 9.71875e-05
12.63 0.188999 9.74722e-05
12.64 0.1892 9.77577e-05
12.65 0.189401 9.80439e-05
12.66 0.189602 9.83308e-05
12.67 0.189803 9.86184e-05
12.68 0.190004 9.89067e-05
12.69 0.190206 9.91958e-05
12.7 0.190408 9.94856e-05
12.71 0.19061 9.97761e-05
12.72 0.190813 0.000100067
12.73 0.191016 0.000100359
12.74 0.191219 0.000100652
12.75 0.191422 0.000100946
12.76 0.191626 0.00010124
12.77 0.19183 0.000101535
12.78 0.192034 0.000101831
12.79 0.192238 0.000102127
12.8 0.192443 0.000102424
12.81 0.192648 0.000102722
12.82 0.192853 0.000103021
12.83 0.193058 0.00010332
12.84 0.193264 0.00010362
12.85 0.19347 0.000103921
12.86 0.193676 0.000104223
12.87 0.193883 0.000104526
12.88 0.19409 0.000104829
12.89 0.194297 0.000105133
12.9 0.194504 0.000105438
12.91 0.194712 0.000105743
12.92 0.194919 0.000106049
12.93 0.195127 0.000106356
12.94 0.195336 0.000106664
12.95 0.195544 0.000106973
12.96 0.195753 0.000107282
12.97 0.195963 0.000107593
12.98 0.196172 0.000107903
12.99 0.196382 0.000108215
13 0.196592 0.000108528
13.01 0.196802 0.000108841
13.02 0.197013 0.000109155
13.03 0.197223 0.00010947
13.04 0.197435 0.000109786
13.05 0.197646 0.000110102
13.06 0.197858 0.000110419
13.07 0.198069 0.000110737
13.08 0.198282 0.000111056
13.09 0.198494 0.000111376
13.1 0.198707 0.000111696
13.11 0.19892 0.000112018
13.12 0.199133 0.00011234
13.13 0.199347 0.000112663
13.14 0.199561 0.000112986
13.15 0.199775 0.000113311
13.16 0.199989 0.000113636
13.17 0.200204 0.000113962
13.18 0.200419 0.000114289
13.19 0.200634 0.000114617
13.2 0.200849 0.000114945
13.21 0.201065 0.000115275
13.22 0.201281 0.000115605
13.23 0.201498 0.000115936
13.24 0.201714 0.000116268
13.25 0.201931 0.000116601
13.26 0.202148 0.000116934
13.27 0.202366 0.000117269
13.28 0.202584 0.000117604
13.29 0.202802 0.00011794
13.3 0.20302 0.000118277
13.31 0.203239 0.000118615
13.32 0.203457 0.000118953
13.33 0.203677 0.000119293
13.34 0.203896 0.000119633
13.35 0.204116 0.000119974
13.36 0.204336 0.000120316
13.37 0.204556 0.000120659
13.38 0.204777 0.000121003
13.39 0.204998 0.000121347
13.4 0.205219 0.000121693
13.41 0.20544 0.000122039
13.42 0.205662 0.000122386
13.43 0.205884 0.000122734
13.44 0.206106 0.000123083
13.45 0.206329 0.000123433
13.46 0.206552 0.000123784
13.47 0.206775 0.000124135
13.48 0.206999 0.000124488
13.49 0.207222 0.000124841
13.5 0.207447 0.000125195
13.51 0.207671 0.00012555
13.52 0.207896 0.000125906
13.53 0.208121 0.000126263
13.54 0.208346 0.000126621
13.55 0.208571 0.00012698
13.56 0.208797 0.000127339
13.57 0.209023 0.0001277
13.58 0.20925 0.000128061
13.59 0.209476 0.000128423
13.6 0.209703 0.000128786
13.61 0.209931 0.00012915
13.62 0.210158 0.000129515
13.63 0.210386 0.000129881
13.64 0.210614 0.000130248
13.65 0.210843 0.000130616
13.66 0.211072 0.000130984
13.67 0.211301 0.000131354
13.68 0.21153 0.000131724
13.69 0.21176 0.000132096
13.7 0.21199 0.000132468
13.71 0.21222 0.000132841
13.72 0.212451 0.000133215
13.73 0.212682 0.00013359
13.74 0.212913 0.000133966
13.75 0.213144 0.000134343
13.76 0.213376 0.000134721
13.77 0.213608 0.0001351
13.78 0.213841 0.00013548
13.79 0.214073 0.000135861
13.8 0.214306 0.000136242
13.81 0.21454 0.000136625
13.82 0.214773 0.000137009
13.83 0.215007 0.000137393
13.84 0.215241 0.000137779
13.85 0.215476 0.000138165
13.86 0.215711 0.000138553
13.87 0.215946 0.000138941
13.88 0.216181 0.00013933
13.89 0.216417 0.000139721
13.9 0.216653 0.000140112
13.91 0.21689 0.000140504
13.92 0.217126 0.000140898
13.93 0.217363 0.000141292
13.94 0.217601 0.000141687
13.95 0.217838 0.000142083
13.96 0.218076 0.00014248
13.97 0.218314 0.000142879
13.98 0.218553 0.000143278
13.99 0.218792 0.000143678
14 0.219031 0.000144079
14.01 0.219271 0.000144481
14.02 0.21951 0.000144885
14.03 0.219751 0.000145289
14.04 0.219991 0.000145694
14.05 0.220232 0.0001461
14.06 0.220473 0.000146507
14.07 0.220714 0.000146915
14.08 0.220956 0.000147325
14.09 0.221198 0.000147735
14.1 0.22144 0.000148146
14.11 0.221683 0.000148559
14.12 0.221926 0.000148972
14.13 0.222169 0.000149386
14.14 0.222413 0.000149802
14.15 0.222657 0.000150218
14.16 0.222901 0.000150635
14.17 0.223146 0.000151054
14.18 0.22339 0.000151473
14.19 0.223636 0.000151894
14.2 0.223881 0.000152316
14.21 0.224127 0.000152738
14.22 0.224373 0.000153162
14.23 0.22462 0.000153587
14.24 0.224867 0.000154013
14.25 0.225114 0.000154439
14.26 0.225361 0.000154867
14.27 0.225609 0.000155296
14.28 0.225857 0.000155726
14.29 0.226106 0.000156158
14.3 0.226354 0.00015659
14.31 0.226604 0.000157023
14.32 0.226853 0.000157457
14.33 0.227103 0.000157893
14.34 0.227353 0.000158329
14.35 0.227603 0.000158767
14.36 0.227854 0.000159206
14.37 0.228105 0.000159645
14.38 0.228357 0.000160086
14.39 0.228608 0.000160528
14.4 0.22886 0.000160971
14.41 0.229113 0.000161415
14.42 0.229365 0.000161861
14.43 0.229619 0.000162307
14.44 0.229872 0.000162755
14.45 0.230126 0.000163203
14.46 0.23038 0.000163653
14.47 0.230634 0.000164104
14.48 0.230889 0.000164556
14.49 0.231144 0.000165009
14.5 0.231399 0.000165463
14.51 0.231655 0.000165918
14.52 0.231911 0.000166375
14.53 0.232168 0.000166832
14.54 0.232424 0.000167291
14.55 0.232682 0.000167751
14.56 0.232939 0.000168212
14.57 0.233197 0.000168674
14.58 0.233455 0.000169137
14.59 0.233713 0.000169601
14.6 0.233972 0.000170067
14.61 0.234231 0.000170534
14.62 0.234491 0.000171002
14.63 0.234751 0.000171471
14.64 0.235011 0.000171941
14.65 0.235271 0.000172412
14.66 0.235532 0.000172885
14.67 0.235793 0.000173358
14.68 0.236055 0.000173833
14.69 0.236317 0.000174309
14.7 0.236579 0.000174787
14.71 0.236842 0.000175265
14.72 0.237105 0.000175745
14.73 0.237368 0.000176226
14.74 0.237631 0.000176708
14.75 0.237895 0.000177191
14.76 0.23816 0.000177675
14.77 0.238424 0.000178161
14.78 0.238689 0.000178647
14.79 0.238955 0.000179135
14.8 0.23922 0.000179625
14.81 0.239487 0.000180115
14.82 0.239753 0.000180607
14.83 0.24002 0.0001811
14.84 0.240287 0.000181594
14.85 0.240554 0.000182089
14.86 0.240822 0.000182585
14.87 0.24109 0.000183083
14.88 0.241359 0.000183582
14.89 0.241628 0.000184082
14.9 0.241897 0.000184584
14.91 0.242167 0.000185087
14.92 0.242437 0.000185591
14.93 0.242707 0.000186096
14.94 0.242978 0.000186602
14.95 0.243249 0.00018711
14.96 0.24352 0.000187619
14.97 0.243792 0.000188129
14.98 0.244064 0.00018864
14.99 0.244336 0.000189153
15 0.244609 0.000189667
15.01 0.244882 0.000190183
15.02 0.245156 0.000190699
15.03 0.24543 0.000191217
15.04 0.245704 0.000191736
15.05 0.245979 0.000192256
15.06 0.246254 0.000192778
15.07 0.246529 0.000193301
15.08 0.246805 0.000193825
15.09 0.247081 0.000194351
15.1 0.247357 0.000194878
15.11 0.247634 0.000195406
15.12 0.247912 0.000195936
15.13 0.248189 0.000196466
15.14 0.248467 0.000196998
15.15 0.248745 0.000197532
15.16 0.249024 0.000198067
15.17 0.249303 0.000198603
15.18 0.249582 0.00019914
15.19 0.249862 0.000199679
15.2 0.250142 0.000200219
15.21 0.250423 0.00020076
15.22 0.250704 0.000201303
15.23 0.250985 0.000201847
15.24 0.251267 0.000202392
15.25 0.251549 0.000202939
15.26 0.251831 0.000203487
15.27 0.252114 0.000204037
15.28 0.252397 0.000204588
15.29 0.25268 0.00020514
15.3 0.252964 0.000205693
15.31 0.253249 0.000206248
15.32 0.253533 0.000206805
15.33 0.253818 0.000207362
15.34 0.254104 0.000207921
15.35 0.254389 0.000208482
15.36 0.254676 0.000209044
15.37 0.254962 0.000209607
15.38 0.255249 0.000210172
15.39 0.255536 0.000210738
15.4 0.255824 0.000211305
15.41 0.256112 0.000211874
15.42 0.256401 0.000212444
15.43 0.256689 0.000213016
15.44 0.256979 0.000213589
15.45 0.257268 0.000214163
15.46 0.257558 0.000214739
15.47 0.257849 0.000215316
15.48 0.258139 0.000215895
15.49 0.25843 0.000216475
15.5 0.258722 0.000217057
15.51 0.259014 0.00021764
15.52 0.259306 0.000218224
15.53 0.259599 0.00021881
15.54 0.259892 0.000219397
15.55 0.260185 0.000219986
15.56 0.260479 0.000220576
15.57 0.260773 0.000221168
15.58 0.261068 0.000221761
15.59 0.261363 0.000222356
15.6 0.261659 0.000222952
15.61 0.261954 0.00022355
15.62 0.262251 0.000224149
15.63 0.262547 0.000224749
15.64 0.262844 0.000225351
15.65 0.263141 0.000225955
15.66 0.263439 0.00022656
15.67 0.263737 0.000227166
15.68 0.264036 0.000227774
15.69 0.264335 0.000228384
15.7 0.264634 0.000228995
15.71 0.264934 0.000229607
15.72 0.265234 0.000230221
15.73 0.265535 0.000230837
15.74 0.265836 0.000231454
15.75 0.266137 0.000232073
15.76 0.266439 0.000232693
15.77 0.266741 0.000233314
15.78 0.267044 0.000233938
15.79 0.267347 0.000234562
15.8 0.26765 0.000235189
15.81 0.267954 0.000235816
15.82 0.268258 0.000236446
15.83 0.268563 0.000237077
15.84 0.268868 0.000237709
15.85 0.269173 0.000238343
15.86 0.269479 0.000238979
15.87 0.269785 0.000239616
15.88 0.270092 0.000240255
15.89 0.270399 0.000240895
15.9 0.270706 0.000241537
15.91 0.271014 0.00024218
15.92 0.271322 0.000242826
15.93 0.271631 0.000243472
15.94 0.27194 0.00024412
15.95 0.272249 0.00024477
15.96 0.272559 0.000245422
15.97 0.27287 0.000246075
15.98 0.27318 0.00024673
15.99 0.273491 0.000247386
16 0.273803 0.000248044
16.01 0.274115 0.000248703
16.02 0.274427 0.000249365
16.03 0.27474 0.000250027
16.04 0.275053 0.000250692
16.05 0.275367 0.000251358
16.06 0.275681 0.000252026
16.07 0.275996 0.000252695
16.08 0.27631 0.000253366
16.09 0.276626 0.000254039
16.1 0.276941 0.000254713
16.11 0.277258 0.000255389
16.12 0.277574 0.000256067
16.13 0.277891 0.000256746
16.14 0.278209 0.000257427
16.15 0.278526 0.00025811
16.16 0.278845 0.000258794
16.17 0.279163 0.000259481
16.18 0.279482 0.000260168
16.19 0.279802 0.000260858
16.2 0.280122 0.000261549
16.21 0.280442 0.000262242
16.22 0.280763 0.000262936
16.23 0.281084 0.000263633
16.24 0.281406 0.000264331
16.25 0.281728 0.000265031
16.26 0.282051 0.000265732
16.27 0.282374 0.000266435
16.28 0.282697 0.00026714
16.29 0.283021 0.000267847
16.3 0.283345 0.000268555
16.31 0.28367 0.000269266
16.32 0.283995 0.000269978
16.33 0.28432 0.000270691
16.34 0.284646 0.000271407
16.35 0.284973 0.000272124
16.36 0.2853 0.000272843
16.37 0.285627 0.000273564
16.38 0.285955 0.000274286
16.39 0.286283 0.000275011
16.4 0.286611 0.000275737
16.41 0.28694 0.000276465
16.42 0.28727 0.000277194
16.43 0.2876 0.000277926
16.44 0.28793 0.000278659
16.45 0.288261 0.000279394
16.46 0.288592 0.000280131
16.47 0.288924 0.00028087
16.48 0.289256 0.000281611
16.49 0.289589 0.000282353
16.5 0.289922 0.000283097
16.51 0.290255 0.000283843
16.52 0.290589 0.000284591
16.53 0.290923 0.000285341
16.54 0.291258 0.000286093
16.55 0.291593 0.000286846
16.56 0.291929 0.000287601
16.57 0.292265 0.000288359
16.58 0.292602 0.000289118
16.59 0.292939 0.000289879
16.6 0.293276 0.000290641
16.61 0.293614 0.000291406
16.62 0.293953 0.000292173
16.63 0.294291 0.000292941
16.64 0.294631 0.000293711
16.65 0.29497 0.000294484
16.66 0.295311 0.000295258
16.67 0.295651 0.000296034
16.68 0.295992 0.000296812
16.69 0.296334 0.000297592
16.7 0.296676 0.000298374
16.71 0.297018 0.000299157
16.72 0.297361 0.000299943
16.73 0.297705 0.000300731
16.74 0.298048 0.00030152
16.75 0.298393 0.000302312
16.76 0.298738 0.000303105
16.77 0.299083 0.000303901
16.78 0.299428 0.000304698
16.79 0.299775 0.000305498
16.8 0.300121 0.000306299
16.81 0.300468 0.000307102
16.82 0.300816 0.000307908
16.83 0.301164 0.000308715
16.84 0.301512 0.000309524
16.85 0.301861 0.000310336
16.86 0.30221 0.000311149
16.87 0.30256 0.000311964
16.88 0.302911 0.000312781
16.89 0.303261 0.000313601
16.9 0.303613 0.000314422
16.91 0.303964 0.000315246
16.92 0.304316 0.000316071
16.93 0.304669 0.000316898
16.94 0.305022 0.000317728
16.95 0.305376 0.000318559
16.96 0.30573 0.000319393
16.97 0.306084 0.000320229
16.98 0.306439 0.000321066
16.99 0.306795 0.000321906
17 0.307151 0.000322748
17.01 0.307507 0.000323592
17.02 0.307864 0.000324438
17.03 0.308222 0.000325286
17.04 0.30858 0.000326136
17.05 0.308938 0.000326988
17.06 0.309297 0.000327843
17.07 0.309656 0.000328699
17.08 0.310016 0.000329558
17.09 0.310376 0.000330419
17.1 0.310737 0.000331281
17.11 0.311098 0.000332146
17.12 0.31146 0.000333014
17.13 0.311822 0.000333883
17.14 0.312184 0.000334754
17.15 0.312548 0.000335628
17.16 0.312911 0.000336503
17.17 0.313275 0.000337381
17.18 0.31364 0.000338261
17.19 0.314005 0.000339144
17.2 0.314371 0.000340028
17.21 0.314737 0.000340914
17.22 0.315103 0.000341803
17.23 0.31547 0.000342694
17.24 0.315838 0.000343587
17.25 0.316206 0.000344483
17.26 0.316574 0.00034538
17.27 0.316943 0.00034628
17.28 0.317313 0.000347182
17.29 0.317683 0.000348086
17.3 0.318053 0.000348993
17.31 0.318424 0.000349901
17.32 0.318796 0.000350812
17.33 0.319168 0.000351725
17.34 0.31954 0.000352641
17.35 0.319913 0.000353559
17.36 0.320287 0.000354478
17.37 0.32066 0.000355401
17.38 0.321035 0.000356325
17.39 0.32141 0.000357252
17.4 0.321785 0.000358181
17.41 0.322161 0.000359112
17.42 0.322538 0.000360046
17.43 0.322915 0.000360982
17.44 0.323292 0.00036192
17.45 0.32367 0.000362861
17.46 0.324048 0.000363804
17.47 0.324427 0.000364749
17.48 0.324807 0.000365697
17.49 0.325187 0.000366647
17.5 0.325567 0.000367599
17.51 0.325948 0.000368553
17.52 0.32633 0.00036951
17.53 0.326712 0.00037047
17.54 0.327094 0.000371431
17.55 0.327477 0.000372396
17.56 0.327861 0.000373362
17.57 0.328245 0.000374331
17.58 0.328629 0.000375302
17.59 0.329014 0.000376276
17.6 0.3294 0.000377252
17.61 0.329786 0.00037823
17.62 0.330173 0.000379211
17.63 0.33056 0.000380194
17.64 0.330947 0.00038118
17.65 0.331336 0.000382168
17.66 0.331724 0.000383159
17.67 0.332113 0.000384152
17.68 0.332503 0.000385147
17.69 0.332893 0.000386145
17.7 0.333284 0.000387146
17.71 0.333675 0.000388148
17.72 0.334067 0.000389154
17.73 0.334459 0.000390162
17.74 0.334852 0.000391172
17.75 0.335245 0.000392185
17.76 0.335639 0.0003932
17.77 0.336034 0.000394218
17.78 0.336429 0.000395238
17.79 0.336824 0.000396261
17.8 0.33722 0.000397286
17.81 0.337616 0.000398314
17.82 0.338013 0.000399345
17.83 0.338411 0.000400378
17.84 0.338809 0.000401413
17.85 0.339208 0.000402451
17.86 0.339607 0.000403492
17.87 0.340006 0.000404535
17.88 0.340407 0.000405581
17.89 0.340807 0.000406629
17.9 0.341209 0.00040768
17.91 0.34161 0.000408734
17.92 0.342013 0.00040979
17.93 0.342415 0.000410849
17.94 0.342819 0.00041191
17.95 0.343223 0.000412974
17.96 0.343627 0.000414041
17.97 0.344032 0.00041511
17.98 0.344438 0.000416182
17.99 0.344844 0.000417257
18 0.34525 0.000418334
18.01 0.345658 0.000419414
18.02 0.346065 0.000420496
18.03 0.346473 0.000421581
18.04 0.346882 0.000422669
18.05 0.347291 0.00042376
18.06 0.347701 0.000424853
18.07 0.348112 0.000425949
18.08 0.348523 0.000427048
18.09 0.348934 0.000428149
18.1 0.349346 0.000429253
18.11 0.349759 0.00043036
18.12 0.350172 0.00043147
18.13 0.350586 0.000432582
18.14 0.351 0.000433697
18.15 0.351415 0.000434815
18.16 0.35183 0.000435936
18.17 0.352246 0.000437059
18.18 0.352662 0.000438185
18.19 0.353079 0.000439314
18.2 0.353497 0.000440446
18.21 0.353915 0.00044158
18.22 0.354333 0.000442717
18.23 0.354752 0.000443858
18.24 0.355172 0.000445
18.25 0.355592 0.000446146
18.26 0.356013 0.000447295
18.27 0.356435 0.000448446
18.28 0.356857 0.0004496
18.29 0.357279 0.000450757
18.3 0.357702 0.000451917
18.31 0.358126 0.00045308
18.32 0.35855 0.000454246
18.33 0.358975 0.000455415
18.34 0.3594 0.000456586
18.35 0.359826 0.00045776
18.36 0.360253 0.000458938
18.37 0.36068 0.000460118
18.38 0.361107 0.000461301
18.39 0.361535 0.000462487
18.4 0.361964 0.000463676
18.41 0.362393 0.000464868
18.42 0.362823 0.000466063
18.43 0.363253 0.00046726
18.44 0.363684 0.000468461
18.45 0.364116 0.000469665
18.46 0.364548 0.000470871
18.47 0.364981 0.000472081
18.48 0.365414 0.000473294
18.49 0.365848 0.000474509
18.5 0.366282 0.000475728
18.51 0.366717 0.00047695
18.52 0.367153 0.000478174
18.53 0.367589 0.000479402
18.54 0.368026 0.000480633
18.55 0.368463 0.000481867
18.56 0.368901 0.000483103
18.57 0.369339 0.000484343
18.58 0.369778 0.000485586
18.59 0.370218 0.000486832
18.6 0.370658 0.000488081
18.61 0.371098 0.000489334
18.62 0.37154 0.000490589
18.63 0.371982 0.000491847
18.64 0.372424 0.000493109
18.65 0.372867 0.000494373
18.66 0.373311 0.000495641
18.67 0.373755 0.000496912
18.68 0.3742 0.000498186
18.69 0.374645 0.000499463
18.7 0.375091 0.000500743
18.71 0.375538 0.000502027
18.72 0.375985 0.000503314
18.73 0.376433 0.000504603
18.74 0.376881 0.000505896
18.75 0.37733 0.000507193
18.76 0.377779 0.000508492
18.77 0.37823 0.000509795
18.78 0.37868 0.000511101
18.79 0.379132 0.00051241
18.8 0.379583 0.000513722
18.81 0.380036 0.000515038
18.82 0.380489 0.000516356
18.83 0.380943 0.000517678
18.84 0.381397 0.000519004
18.85 0.381852 0.000520332
18.86 0.382307 0.000521664
18.87 0.382763 0.000523
18.88 0.38322 0.000524338
18.89 0.383677 0.00052568
18.9 0.384135 0.000527025
18.91 0.384593 0.000528373
18.92 0.385052 0.000529725
18.93 0.385512 0.00053108
18.94 0.385972 0.000532439
18.95 0.386433 0.000533801
18.96 0.386894 0.000535166
18.97 0.387357 0.000536534
18.98 0.387819 0.000537906
18.99 0.388282 0.000539282
19 0.388746 0.00054066
19.01 0.389211 0.000542043
19.02 0.389676 0.000543428
19.03 0.390141 0.000544817
19.04 0.390608 0.00054621
19.05 0.391075 0.000547605
19.06 0.391542 0.000549005
19.07 0.39201 0.000550408
19.08 0.392479 0.000551814
19.09 0.392948 0.000553224
19.1 0.393418 0.000554637
19.11 0.393889 0.000556054
19.12 0.39436 0.000557474
19.13 0.394832 0.000558897
19.14 0.395304 0.000560325
19.15 0.395777 0.000561756
19.16 0.396251 0.00056319
19.17 0.396725 0.000564628
19.18 0.3972 0.000566069
19.19 0.397676 0.000567514
19.2 0.398152 0.000568963
19.21 0.398628 0.000570415
19.22 0.399106 0.000571871
19.23 0.399584 0.00057333
19.24 0.400062 0.000574793
19.25 0.400542 0.000576259
19.26 0.401021 0.00057773
19.27 0.401502 0.000579203
19.28 0.401983 0.000580681
19.29 0.402465 0.000582162
19.3 0.402947 0.000583647
19.31 0.40343 0.000585135
19.32 0.403914 0.000586627
19.33 0.404398 0.000588123
19.34 0.404883 0.000589623
19.35 0.405368 0.000591126
19.36 0.405854 0.000592633
19.37 0.406341 0.000594144
19.38 0.406828 0.000595658
19.39 0.407316 0.000597176
19.4 0.407805 0.000598698
19.41 0.408294 0.000600224
19.42 0.408784 0.000601753
19.43 0.409275 0.000603286
19.44 0.409766 0.000604823
19.45 0.410258 0.000606364
19.46 0.41075 0.000607909
19.47 0.411243 0.000609457
19.48 0.411737 0.00061101
19.49 0.412231 0.000612566
19.5 0.412726 0.000614126
19.51 0.413222 0.00061569
19.52 0.413718 0.000617257
19.53 0.414215 0.000618829
19.54 0.414713 0.000620404
19.55 0.415211 0.000621984
19.56 0.41571 0.000623567
19.57 0.416209 0.000625154
19.58 0.416709 0.000626745
19.59 0.41721 0.00062834
19.6 0.417712 0.000629939
19.61 0.418214 0.000631542
19.62 0.418716 0.000633149
19.63 0.41922 0.00063476
19.64 0.419724 0.000636375
19.65 0.420228 0.000637994
19.66 0.420734 0.000639617
19.67 0.42124 0.000641244
19.68 0.421746 0.000642875
19.69 0.422253 0.00064451
19.7 0.422761 0.000646149
19.71 0.42327 0.000647792
19.72 0.423779 0.000649439
19.73 0.424289 0.00065109
19.74 0.424799 0.000652745
19.75 0.425311 0.000654405
19.76 0.425822 0.000656068
19.77 0.426335 0.000657736
19.78 0.426848 0.000659407
19.79 0.427362 0.000661083
19.8 0.427876 0.000662763
19.81 0.428391 0.000664447
19.82 0.428907 0.000666136
19.83 0.429424 0.000667828
19.84 0.429941 0.000669525
19.85 0.430458 0.000671226
19.86 0.430977 0.000672931
19.87 0.431496 0.00067464
19.88 0.432016 0.000676354
19.89 0.432536 0.000678071
19.9 0.433057 0.000679793
19.91 0.433579 0.00068152
19.92 0.434101 0.00068325
19.93 0.434624 0.000684985
19.94 0.435148 0.000686724
19.95 0.435672 0.000688467
19.96 0.436198 0.000690215
19.97 0.436723 0.000691967
19.98 0.43725 0.000693724
19.99 0.437777 0.000695484
20 0.438304 0.000697249
20.01 0.438833 0.000699019
20.02 0.439362 0.000700793
20.03 0.439892 0.000702571
20.04 0.440422 0.000704354
20.05 0.440953 0.000706141
20.06 0.441485 0.000707932
20.07 0.442017 0.000709728
20.08 0.442551 0.000711528
20.09 0.443084 0.000713333
20.1 0.443619 0.000715142
20.11 0.444154 0.000716956
20.12 0.44469 0.000718774
20.13 0.445226 0.000720597
20.14 0.445763 0.000722424
20.15 0.446301 0.000724256
20.16 0.44684 0.000726092
20.17 0.447379 0.000727933
20.18 0.447919 0.000729778
20.19 0.44846 0.000731628
20.2 0.449001 0.000733483
20.21 0.449543 0.000735342
20.22 0.450085 0.000737205
20.23 0.450629 0.000739074
20.24 0.451173 0.000740947
20.25 0.451717 0.000742824
20.26 0.452263 0.000744706
20.27 0.452809 0.000746593
20.28 0.453356 0.000748485
20.29 0.453903 0.000750381
20.3 0.454451 0.000752282
20.31 0.455 0.000754187
20.32 0.455549 0.000756098
20.33 0.4561 0.000758013
20.34 0.456651 0.000759932
20.35 0.457202 0.000761857
20.36 0.457754 0.000763786
20.37 0.458307 0.00076572
20.38 0.458861 0.000767659
20.39 0.459415 0.000769602
20.4 0.45997 0.000771551
20.41 0.460526 0.000773504
20.42 0.461082 0.000775462
20.43 0.461639 0.000777425
20.44 0.462197 0.000779393
20.45 0.462756 0.000781365
20.46 0.463315 0.000783343
20.47 0.463875 0.000785325
20.48 0.464435 0.000787313
20.49 0.464997 0.000789305
20.5 0.465559 0.000791302
20.51 0.466121 0.000793304
20.52 0.466685 0.000795311
20.53 0.467249 0.000797323
20.54 0.467814 0.00079934
20.55 0.468379 0.000801362
20.56 0.468945 0.000803389
20.57 0.469512 0.000805421
20.58 0.47008 0.000807458
20.59 0.470648 0.0008095
20.6 0.471217 0.000811547
20.61 0.471787 0.000813599
20.62 0.472357 0.000815656
20.63 0.472928 0.000817718
20.64 0.4735 0.000819786
20.65 0.474073 0.000821858
20.66 0.474646 0.000823936
20.67 0.47522 0.000826019
20.68 0.475795 0.000828107
20.69 0.47637 0.0008302
20.7 0.476946 0.000832298
20.71 0.477523 0.000834401
20.72 0.4781 0.00083651
20.73 0.478678 0.000838624
20.74 0.479257 0.000840743
20.75 0.479837 0.000842867
20.76 0.480417 0.000844997
20.77 0.480998 0.000847131
20.78 0.48158 0.000849272
20.79 0.482163 0.000851417
20.8 0.482746 0.000853568
20.81 0.48333 0.000855724
20.82 0.483914 0.000857885
20.83 0.4845 0.000860052
20.84 0.485086 0.000862224
20.85 0.485672 0.000864401
20.86 0.48626 0.000866584
20.87 0.486848 0.000868772
20.88 0.487437 0.000870965
20.89 0.488027 0.000873164
20.9 0.488617 0.000875369
20.91 0.489208 0.000877579
20.92 0.4898 0.000879794
20.93 0.490392 0.000882015
20.94 0.490985 0.000884241
20.95 0.491579 0.000886473
20.96 0.492174 0.00088871
20.97 0.492769 0.000890953
20.98 0.493366 0.000893201
20.99 0.493962 0.000895455
21 0.49456 0.000897715
21.01 0.495158 0.00089998
21.02 0.495757 0.00090225
21.03 0.496357 0.000904527
21.04 0.496957 0.000906809
21.05 0.497559 0.000909096
21.06 0.49816 0.000911389
21.07 0.498763 0.000913688
21.08 0.499366 0.000915993
21.09 0.499971 0.000918303
21.1 0.500575 0.000920619
21.11 0.501181 0.00092294
21.12 0.501787 0.000925268
21.13 0.502394 0.000927601
21.14 0.503002 0.00092994
21.15 0.50361 0.000932284
21.16 0.504219 0.000934635
21.17 0.504829 0.000936991
21.18 0.50544 0.000939353
21.19 0.506051 0.000941721
21.2 0.506663 0.000944095
21.21 0.507276 0.000946474
21.22 0.50789 0.00094886
21.23 0.508504 0.000951251
21.24 0.509119 0.000953648
21.25 0.509735 0.000956052
21.26 0.510351 0.000958461
21.27 0.510969 0.000960876
21.28 0.511586 0.000963297
21.29 0.512205 0.000965724
21.3 0.512825 0.000968157
21.31 0.513445 0.000970596
21.32 0.514066 0.000973041
21.33 0.514687 0.000975492
21.34 0.51531 0.000977949
21.35 0.515933 0.000980412
21.36 0.516556 0.000982881
21.37 0.517181 0.000985356
21.38 0.517806 0.000987838
21.39 0.518432 0.000990325
21.4 0.519059 0.000992819
21.41 0.519687 0.000995319
21.42 0.520315 0.000997825
21.43 0.520944 0.00100034
21.44 0.521574 0.00100286
21.45 0.522204 0.00100538
21.46 0.522835 0.00100791
21.47 0.523467 0.00101045
21.48 0.5241 0.00101299
21.49 0.524733 0.00101554
21.5 0.525368 0.0010181
21.51 0.526002 0.00102066
21.52 0.526638 0.00102323
21.53 0.527274 0.0010258
21.54 0.527912 0.00102838
21.55 0.528549 0.00103097
21.56 0.529188 0.00103356
21.57 0.529827 0.00103616
21.58 0.530467 0.00103877
21.59 0.531108 0.00104138
21.6 0.53175 0.001044
21.61 0.532392 0.00104663
21.62 0.533035 0.00104926
21.63 0.533679 0.0010519
21.64 0.534324 0.00105455
21.65 0.534969 0.0010572
21.66 0.535615 0.00105986
21.67 0.536262 0.00106252
21.68 0.536909 0.00106519
21.69 0.537558 0.00106787
21.7 0.538207 0.00107056
21.71 0.538856 0.00107325
21.72 0.539507 0.00107595
21.73 0.540158 0.00107865
21.74 0.54081 0.00108136
21.75 0.541463 0.00108408
21.76 0.542116 0.00108681
21.77 0.542771 0.00108954
21.78 0.543425 0.00109227
21.79 0.544081 0.00109502
21.8 0.544738 0.00109777
21.81 0.545395 0.00110053
21.82 0.546053 0.00110329
21.83 0.546712 0.00110607
21.84 0.547371 0.00110885
21.85 0.548031 0.00111163
21.86 0.548692 0.00111442
21.87 0.549354 0.00111722
21.88 0.550016 0.00112003
21.89 0.550679 0.00112284
21.9 0.551343 0.00112566
21.91 0.552008 0.00112849
21.92 0.552674 0.00113132
21.93 0.55334 0.00113416
21.94 0.554007 0.00113701
21.95 0.554674 0.00113987
21.96 0.555343 0.00114273
21.97 0.556012 0.0011456
21.98 0.556682 0.00114847
21.99 0.557352 0.00115136
22 0.558024 0.00115425
22.01 0.558696 0.00115715
22.02 0.559369 0.00116005
22.03 0.560043 0.00116296
22.04 0.560717 0.00116588
22.05 0.561392 0.00116881
22.06 0.562068 0.00117174
22.07 0.562745 0.00117468
22.08 0.563422 0.00117763
22.09 0.5641 0.00118058
22.1 0.564779 0.00118354
22.11 0.565459 0.00118651
22.12 0.566139 0.00118949
22.13 0.56682 0.00119247
22.14 0.567502 0.00119546
22.15 0.568185 0.00119846
22.16 0.568868 0.00120147
22.17 0.569552 0.00120448
22.18 0.570237 0.0012075
22.19 0.570923 0.00121053
22.2 0.571609 0.00121357
22.21 0.572296 0.00121661
22.22 0.572984 0.00121966
22.23 0.573673 0.00122272
22.24 0.574362 0.00122578
22.25 0.575052 0.00122886
22.26 0.575743 0.00123194
22.27 0.576435 0.00123502
22.28 0.577127 0.00123812
22.29 0.57782 0.00124122
22.3 0.578514 0.00124433
22.31 0.579209 0.00124745
22.32 0.579904 0.00125058
22.33 0.5806 0.00125371
22.34 0.581297 0.00125685
22.35 0.581995 0.00126
22.36 0.582693 0.00126316
22.37 0.583392 0.00126632
22.38 0.584092 0.0012695
22.39 0.584792 0.00127268
22.4 0.585494 0.00127587
22.41 0.586196 0.00127906
22.42 0.586898 0.00128226
22.43 0.587602 0.00128548
22.44 0.588306 0.0012887
22.45 0.589011 0.00129192
22.46 0.589717 0.00129516
22.47 0.590424 0.0012984
22.48 0.591131 0.00130165
22.49 0.591839 0.00130491
22.5 0.592548 0.00130818
22.51 0.593257 0.00131145
22.52 0.593967 0.00131473
22.53 0.594678 0.00131803
22.54 0.59539 0.00132132
22.55 0.596102 0.00132463
22.56 0.596816 0.00132795
22.57 0.59753 0.00133127
22.58 0.598244 0.0013346
22.59 0.59896 0.00133794
22.6 0.599676 0.00134129
22.61 0.600393 0.00134464
22.62 0.60111 0.00134801
22.63 0.601829 0.00135138
22.64 0.602548 0.00135476
22.65 0.603268 0.00135815
22.66 0.603988 0.00136155
22.67 0.60471 0.00136495
22.68 0.605432 0.00136836
22.69 0.606154 0.00137179
22.7 0.606878 0.00137522
22.71 0.607602 0.00137866
22.72 0.608327 0.0013821
22.73 0.609053 0.00138556
22.74 0.60978 0.00138902
22.75 0.610507 0.00139249
22.76 0.611235 0.00139598
22.77 0.611963 0.00139946
22.78 0.612693 0.00140296
22.79 0.613423 0.00140647
22.8 0.614154 0.00140998
22.81 0.614885 0.00141351
22.82 0.615618 0.00141704
22.83 0.616351 0.00142058
22.84 0.617085 0.00142413
22.85 0.617819 0.00142769
22.86 0.618554 0.00143125
22.87 0.61929 0.00143483
22.88 0.620027 0.00143841
22.89 0.620765 0.00144201
22.9 0.621503 0.00144561
22.91 0.622242 0.00144922
22.92 0.622981 0.00145284
22.93 0.623722 0.00145647
22.94 0.624463 0.0014601
22.95 0.625204 0.00146375
22.96 0.625947 0.0014674
22.97 0.62669 0.00147107
22.98 0.627434 0.00147474
22.99 0.628179 0.00147842
23 0.628924 0.00148211
23.01 0.62967 0.00148581
23.02 0.630417 0.00148952
23.03 0.631165 0.00149323
23.04 0.631913 0.00149696
23.05 0.632662 0.00150069
23.06 0.633412 0.00150444
23.07 0.634162 0.00150819
23.08 0.634913 0.00151195
23.09 0.635665 0.00151573
23.1 0.636418 0.00151951
23.11 0.637171 0.0015233
23.12 0.637925 0.0015271
23.13 0.638679 0.00153091
23.14 0.639435 0.00153472
23.15 0.640191 0.00153855
23.16 0.640948 0.00154239
23.17 0.641705 0.00154623
23.18 0.642464 0.00155009
23.19 0.643223 0.00155395
23.2 0.643982 0.00155782
23.21 0.644743 0.00156171
23.22 0.645504 0.0015656
23.23 0.646265 0.0015695
23.24 0.647028 0.00157341
23.25 0.647791 0.00157733
23.26 0.648555 0.00158126
23.27 0.649319 0.0015852
23.28 0.650085 0.00158915
23.29 0.650851 0.00159311
23.3 0.651617 0.00159708
23.31 0.652385 0.00160106
23.32 0.653153 0.00160505
23.33 0.653921 0.00160904
23.34 0.654691 0.00161305
23.35 0.655461 0.00161707
23.36 0.656232 0.00162109
23.37 0.657003 0.00162513
23.38 0.657775 0.00162917
23.39 0.658548 0.00163323
23.4 0.659322 0.0016373
23.41 0.660096 0.00164137
23.42 0.660871 0.00164546
23.43 0.661646 0.00164955
23.44 0.662423 0.00165366
23.45 0.6632 0.00165777
23.46 0.663977 0.0016619
23.47 0.664756 0.00166603
23.48 0.665535 0.00167017
23.49 0.666314 0.00167433
23.5 0.667095 0.00167849
23.51 0.667876 0.00168267
23.52 0.668657 0.00168685
23.53 0.66944 0.00169105
23.54 0.670223 0.00169525
23.55 0.671006 0.00169947
23.56 0.671791 0.00170369
23.57 0.672576 0.00170793
23.58 0.673361 0.00171217
23.59 0.674148 0.00171643
23.6 0.674935 0.0017207
23.61 0.675722 0.00172497
23.62 0.676511 0.00172926
23.63 0.6773 0.00173356
23.64 0.678089 0.00173786
23.65 0.67888 0.00174218
23.66 0.679671 0.00174651
23.67 0.680462 0.00175085
23.68 0.681255 0.0017552
23.69 0.682047 0.00175956
23.7 0.682841 0.00176393
23.71 0.683635 0.00176831
23.72 0.68443 0.0017727
23.73 0.685225 0.0017771
23.74 0.686022 0.00178151
23.75 0.686818 0.00178593
23.76 0.687616 0.00179037
23.77 0.688414 0.00179481
23.78 0.689212 0.00179926
23.79 0.690012 0.00180373
23.8 0.690812 0.0018082
23.81 0.691612 0.00181269
23.82 0.692414 0.00181719
23.83 0.693215 0.0018217
23.84 0.694018 0.00182621
23.85 0.694821 0.00183074
23.86 0.695625 0.00183528
23.87 0.696429 0.00183984
23.88 0.697234 0.0018444
23.89 0.698039 0.00184897
23.9 0.698846 0.00185356
23.91 0.699652 0.00185815
23.92 0.70046 0.00186276
23.93 0.701268 0.00186737
23.94 0.702076 0.001872
23.95 0.702886 0.00187664
23.96 0.703695 0.00188129
23.97 0.704506 0.00188595
23.98 0.705317 0.00189062
23.99 0.706128 0.00189531
24 0.706941 0.0019
24.01 0.707754 0.00190471
24.02 0.708567 0.00190943
24.03 0.709381 0.00191415
24.04 0.710196 0.00191889
24.05 0.711011 0.00192364
24.06 0.711826 0.00192841
24.07 0.712643 0.00193318
24.08 0.71346 0.00193797
24.09 0.714277 0.00194276
24.1 0.715095 0.00194757
24.11 0.715914 0.00195239
24.12 0.716733 0.00195722
24.13 0.717553 0.00196206
24.14 0.718373 0.00196691
24.15 0.719194 0.00197178
24.16 0.720016 0.00197666
24.17 0.720838 0.00198154
24.18 0.721661 0.00198644
24.19 0.722484 0.00199136
24.2 0.723308 0.00199628
24.21 0.724132 0.00200121
24.22 0.724957 0.00200616
24.23 0.725782 0.00201112
24.24 0.726608 0.00201609
24.25 0.727435 0.00202107
24.26 0.728262 0.00202606
24.27 0.729089 0.00203107
24.28 0.729917 0.00203609
24.29 0.730746 0.00204112
24.3 0.731575 0.00204616
24.31 0.732405 0.00205121
24.32 0.733235 0.00205627
24.33 0.734066 0.00206135
24.34 0.734897 0.00206644
24.35 0.735729 0.00207154
24.36 0.736561 0.00207665
24.37 0.737394 0.00208178
24.38 0.738227 0.00208692
24.39 0.739061 0.00209207
24.4 0.739896 0.00209723
24.41 0.74073 0.0021024
24.42 0.741566 0.00210759
24.43 0.742402 0.00211278
24.44 0.743238 0.00211799
24.45 0.744075 0.00212322
24.46 0.744912 0.00212845
24.47 0.74575 0.0021337
24.48 0.746588 0.00213896
24.49 0.747427 0.00214423
24.5 0.748266 0.00214951
24.51 0.749106 0.00215481
24.52 0.749946 0.00216012
24.53 0.750787 0.00216544
24.54 0.751628 0.00217077
24.55 0.75247 0.00217612
24.56 0.753312 0.00218148
24.57 0.754155 0.00218685
24.58 0.754998 0.00219224
24.59 0.755841 0.00219763
24.6 0.756685 0.00220304
24.61 0.757529 0.00220846
24.62 0.758374 0.0022139
24.63 0.759219 0.00221935
24.64 0.760065 0.00222481
24.65 0.760911 0.00223028
24.66 0.761758 0.00223576
24.67 0.762605 0.00224126
24.68 0.763452 0.00224677
24.69 0.7643 0.0022523
24.7 0.765148 0.00225784
24.71 0.765997 0.00226339
24.72 0.766846 0.00226895
24.73 0.767695 0.00227453
24.74 0.768545 0.00228011
24.75 0.769396 0.00228572
24.76 0.770246 0.00229133
24.77 0.771097 0.00229696
24.78 0.771949 0.0023026
24.79 0.772801 0.00230826
24.8 0.773653 0.00231392
24.81 0.774506 0.0023196
24.82 0.775359 0.0023253
24.83 0.776212 0.00233101
24.84 0.777066 0.00233673
24.85 0.77792 0.00234246
24.86 0.778775 0.00234821
24.87 0.779629 0.00235397
24.88 0.780485 0.00235974
24.89 0.78134 0.00236553
24.9 0.782196 0.00237133
24.91 0.783052 0.00237714
24.92 0.783909 0.00238297
24.93 0.784766 0.00238881
24.94 0.785623 0.00239466
24.95 0.786481 0.00240053
24.96 0.787339 0.00240641
24.97 0.788197 0.00241231
24.98 0.789056 0.00241822
24.99 0.789914 0.00242414
25 0.790774 0.00243008
25.01 0.791633 0.00243603
25.02 0.792493 0.00244199
25.03 0.793353 0.00244797
25.04 0.794213 0.00245396
25.05 0.795074 0.00245996
25.06 0.795935 0.00246598
25.07 0.796796 0.00247201
25.08 0.797658 0.00247806
25.09 0.79852 0.00248412
25.1 0.799382 0.00249019
25.11 0.800244 0.00249628
25.12 0.801107 0.00250238
25.13 0.801969 0.0025085
25.14 0.802833 0.00251463
25.15 0.803696 0.00252077
25.16 0.804559 0.00252693
25.17 0.805423 0.0025331
25.18 0.806287 0.00253929
25.19 0.807152 0.00254549
25.2 0.808016 0.0025517
25.21 0.808881 0.00255793
25.22 0.809746 0.00256418
25.23 0.810611 0.00257043
25.24 0.811476 0.0025767
25.25 0.812342 0.00258299
25.26 0.813208 0.00258929
25.27 0.814074 0.0025956
25.28 0.81494 0.00260193
25.29 0.815806 0.00260828
25.3 0.816673 0.00261463
25.31 0.817539 0.00262101
25.32 0.818406 0.00262739
25.33 0.819273 0.00263379
25.34 0.82014 0.00264021
25.35 0.821007 0.00264664
25.36 0.821875 0.00265308
25.37 0.822742 0.00265954
25.38 0.82361 0.00266602
25.39 0.824478 0.00267251
25.4 0.825346 0.00267901
25.41 0.826214 0.00268553
25.42 0.827082 0.00269206
25.43 0.827951 0.00269861
25.44 0.828819 0.00270517
25.45 0.829688 0.00271175
25.46 0.830556 0.00271834
25.47 0.831425 0.00272495
25.48 0.832294 0.00273157
25.49 0.833163 0.00273821
25.5 0.834032 0.00274486
25.51 0.834901 0.00275152
25.52 0.83577 0.00275821
25.53 0.836639 0.0027649
25.54 0.837508 0.00277161
25.55 0.838377 0.00277834
25.56 0.839246 0.00278508
25.57 0.840116 0.00279184
25.58 0.840985 0.00279861
25.59 0.841854 0.0028054
25.6 0.842724 0.0028122
25.61 0.843593 0.00281902
25.62 0.844463 0.00282585
25.63 0.845332 0.0028327
25.64 0.846201 0.00283956
25.65 0.847071 0.00284644
25.66 0.84794 0.00285334
25.67 0.848809 0.00286025
25.68 0.849678 0.00286717
25.69 0.850548 0.00287411
25.7 0.851417 0.00288107
25.71 0.852286 0.00288804
25.72 0.853155 0.00289502
25.73 0.854024 0.00290203
25.74 0.854893 0.00290904
25.75 0.855762 0.00291608
25.76 0.85663 0.00292313
25.77 0.857499 0.00293019
25.78 0.858368 0.00293727
25.79 0.859236 0.00294437
25.8 0.860104 0.00295148
25.81 0.860973 0.00295861
25.82 0.861841 0.00296575
25.83 0.862709 0.00297291
25.84 0.863577 0.00298008
25.85 0.864444 0.00298727
25.86 0.865312 0.00299448
25.87 0.866179 0.0030017
25.88 0.867046 0.00300894
25.89 0.867913 0.00301619
25.9 0.86878 0.00302346
25.91 0.869647 0.00303075
25.92 0.870513 0.00303805
25.93 0.871379 0.00304537
25.94 0.872245 0.0030527
25.95 0.873111 0.00306005
25.96 0.873977 0.00306741
25.97 0.874842 0.0030748
25.98 0.875707 0.00308219
25.99 0.876572 0.00308961
26 0.877437 0.00309704
26.01 0.878301 0.00310448
26.02 0.879165 0.00311195
26.03 0.880029 0.00311943
26.04 0.880893 0.00312692
26.05 0.881756 0.00313443
26.06 0.882619 0.00314196
26.07 0.883481 0.0031495
26.08 0.884344 0.00315706
26.09 0.885206 0.00316464
26.1 0.886067 0.00317223
26.11 0.886929 0.00317984
26.12 0.887789 0.00318747
26.13 0.88865 0.00319511
26.14 0.88951 0.00320277
26.15 0.89037 0.00321045
26.16 0.89123 0.00321814
26.17 0.892089 0.00322585
26.18 0.892947 0.00323357
26.19 0.893805 0.00324131
26.2 0.894663 0.00324907
26.21 0.895521 0.00325685
26.22 0.896378 0.00326464
26.23 0.897234 0.00327245
26.24 0.89809 0.00328027
26.25 0.898946 0.00328812
26.26 0.899801 0.00329597
26.27 0.900656 0.00330385
26.28 0.90151 0.00331174
26.29 0.902363 0.00331965
26.3 0.903217 0.00332758
26.31 0.904069 0.00333552
26.32 0.904921 0.00334348
26.33 0.905773 0.00335146
26.34 0.906624 0.00335945
26.35 0.907475 0.00336746
26.36 0.908324 0.00337549
26.37 0.909174 0.00338353
26.38 0.910023 0.00339159
26.39 0.910871 0.00339967
26.4 0.911718 0.00340777
26.41 0.912565 0.00341588
26.42 0.913412 0.00342401
26.43 0.914257 0.00343215
26.44 0.915102 0.00344032
26.45 0.915947 0.0034485
26.46 0.916791 0.0034567
26.47 0.917634 0.00346491
26.48 0.918476 0.00347315
26.49 0.919318 0.0034814
26.5 0.920159 0.00348966
26.51 0.920999 0.00349795
26.52 0.921839 0.00350625
26.53 0.922677 0.00351457
26.54 0.923516 0.0035229
26.55 0.924353 0.00353126
26.56 0.925189 0.00353963
26.57 0.926025 0.00354802
26.58 0.92686 0.00355642
26.59 0.927694 0.00356485
26.6 0.928528 0.00357329
26.61 0.92936 0.00358175
26.62 0.930192 0.00359022
26.63 0.931023 0.00359871
26.64 0.931853 0.00360722
26.65 0.932682 0.00361575
26.66 0.933511 0.0036243
26.67 0.934338 0.00363286
26.68 0.935165 0.00364144
26.69 0.93599 0.00365004
26.7 0.936815 0.00365866
26.71 0.937639 0.00366729
26.72 0.938461 0.00367594
26.73 0.939283 0.00368461
26.74 0.940104 0.0036933
26.75 0.940924 0.003702
26.76 0.941743 0.00371072
26.77 0.942561 0.00371946
26.78 0.943377 0.00372822
26.79 0.944193 0.003737
26.8 0.945008 0.00374579
26.81 0.945822 0.0037546
26.82 0.946634 0.00376343
26.83 0.947446 0.00377228
26.84 0.948256 0.00378114
26.85 0.949066 0.00379002
26.86 0.949874 0.00379892
26.87 0.950681 0.00380784
26.88 0.951487 0.00381678
26.89 0.952292 0.00382573
26.9 0.953096 0.0038347
26.91 0.953898 0.00384369
26.92 0.954699 0.0038527
26.93 0.955499 0.00386173
26.94 0.956298 0.00387077
26.95 0.957095 0.00387983
26.96 0.957892 0.00388891
26.97 0.958687 0.00389801
26.98 0.959481 0.00390713
26.99 0.960273 0.00391626
27 0.961064 0.00392541
27.01 0.961854 0.00393458
27.02 0.962642 0.00394377
27.03 0.963429 0.00395298
27.04 0.964215 0.0039622
27.05 0.964999 0.00397145
27.06 0.965782 0.00398071
27.07 0.966564 0.00398998
27.08 0.967344 0.00399928
27.09 0.968123 0.0040086
27.1 0.9689 0.00401793
27.11 0.969675 0.00402728
27.12 0.97045 0.00403665
27.13 0.971222 0.00404604
27.14 0.971994 0.00405545
27.15 0.972763 0.00406487
27.16 0.973531 0.00407431
27.17 0.974298 0.00408377
27.18 0.975063 0.00409325
27.19 0.975826 0.00410275
27.2 0.976588 0.00411227
27.21 0.977348 0.0041218
27.22 0.978106 0.00413135
27.23 0.978863 0.00414092
27.24 0.979618 0.00415051
27.25 0.980372 0.00416012
27.26 0.981123 0.00416975
27.27 0.981873 0.00417939
27.28 0.982621 0.00418905
27.29 0.983368 0.00419873
27.3 0.984112 0.00420843
27.31 0.984855 0.00421815
27.32 0.985596 0.00422788
27.33 0.986335 0.00423764
27.34 0.987073 0.00424741
27.35 0.987808 0.0042572
27.36 0.988542 0.00426701
27.37 0.989273 0.00427684
27.38 0.990003 0.00428668
27.39 0.990731 0.00429655
27.4 0.991457 0.00430643
27.41 0.99218 0.00431633
27.42 0.992902 0.00432625
27.43 0.993622 0.00433619
27.44 0.99434 0.00434614
27.45 0.995055 0.00435612
27.46 0.995769 0.00436611
27.47 0.99648 0.00437612
27.48 0.99719 0.00438615
27.49 0.997897 0.0043962
27.5 0.998602 0.00440627
27.51 0.999305 0.00441635
27.52 1.00001 0.00442646
27.53 1.0007 0.00443658
27.54 1.0014 0.00444672
27.55 1.00209 0.00445688
27.56 1.00279 0.00446706
27.57 1.00347 0.00447725
27.58 1.00416 0.00448747
27.59 1.00485 0.0044977
27.6 1.00553 0.00450795
27.61 1.00621 0.00451822
27.62 1.00689 0.00452851
27.63 1.00756 0.00453881
27.64 1.00823 0.00454914
27.65 1.0089 0.00455948
27.66 1.00957 0.00456984
27.67 1.01024 0.00458022
27.68 1.0109 0.00459062
27.69 1.01156 0.00460103
27.7 1.01222 0.00461147
27.71 1.01287 0.00462192
27.72 1.01352 0.00463239
27.73 1.01417 0.00464288
27.74 1.01482 0.00465339
27.75 1.01546 0.00466392
27.76 1.0161 0.00467446
27.77 1.01674 0.00468502
27.78 1.01738 0.0046956
27.79 1.01801 0.0047062
27.8 1.01864 0.00471682
27.81 1.01927 0.00472746
27.82 1.01989 0.00473811
27.83 1.02051 0.00474878
27.84 1.02113 0.00475947
27.85 1.02174 0.00477018
27.86 1.02235 0.00478091
27.87 1.02296 0.00479166
27.88 1.02357 0.00480242
27.89 1.02417 0.0048132
27.9 1.02477 0.004824
27.91 1.02537 0.00483482
27.92 1.02596 0.00484565
27.93 1.02655 0.00485651
27.94 1.02713 0.00486738
27.95 1.02772 0.00487827
27.96 1.0283 0.00488918
27.97 1.02887 0.0049001
27.98 1.02944 0.00491105
27.99 1.03001 0.00492201
28 1.03058 0.00493299
28.01 1.03114 0.00494399
28.02 1.03169 0.004955
28.03 1.03225 0.00496604
28.04 1.0328 0.00497709
28.05 1.03334 0.00498816
28.06 1.03388 0.00499924
28.07 1.03442 0.00501035
28.08 1.03495 0.00502147
28.09 1.03548 0.00503261
28.1 1.03601 0.00504377
28.11 1.03653 0.00505495
28.12 1.03704 0.00506614
28.13 1.03755 0.00507735
28.14 1.03806 0.00508858
28.15 1.03856 0.00509982
28.16 1.03905 0.00511109
28.17 1.03954 0.00512237
28.18 1.04003 0.00513366
28.19 1.04051 0.00514498
28.2 1.04098 0.00515631
28.21 1.04145 0.00516766
28.22 1.04191 0.00517903
28.23 1.04236 0.00519041
28.24 1.04281 0.00520181
28.25 1.04325 0.00521323
28.26 1.04369 0.00522467
28.27 1.04411 0.00523612
28.28 1.04453 0.00524758
28.29 1.04494 0.00525907
28.3 1.04534 0.00527057
28.31 1.04573 0.00528209
28.32 1.04611 0.00529362
28.33 1.04648 0.00530517
28.34 1.04684 0.00531674
28.35 1.04719 0.00532832
28.36 1.04753 0.00533992
28.37 1.04785 0.00535154
28.38 1.04816 0.00536317
28.39 1.04845 0.00537481
28.4 1.04873 0.00538647
28.41 1.04899 0.00539815
28.42 1.04923 0.00540984
28.43 1.04945 0.00542154
28.44 1.04966 0.00543326
28.45 1.04984 0.005445
28.46 1.04999 0.00545675
28.47 1.05012 0.00546851
28.48 1.05022 0.00548028
28.49 1.05029 0.00549207
28.5 1.05032 0.00550387
28.51 1.05032 0.00551568
28.52 1.05028 0.00552751
28.53 1.0502 0.00553934
28.54 1.05007 0.00555119
28.55 1.0499 0.00556305
28.56 1.04967 0.00557491
28.57 1.04938 0.00558679
28.58 1.04903 0.00559867
28.59 1.04861 0.00561056
28.6 1.04811 0.00562246
28.61 1.04754 0.00563436
28.62 1.04687 0.00564627
28.63 1.04611 0.00565818
28.64 1.04525 0.00567009
28.65 1.04427 0.005682
28.66 1.04317 0.00569391
28.67 1.04193 0.00570582
28.68 1.04055 0.00571773
28.69 1.03901 0.00572963
28.7 1.0373 0.00574152
28.71 1.0354 0.0057534
28.72 1.0333 0.00576527
28.73 1.03098 0.00577713
28.74 1.02842 0.00578896
28.75 1.0256 0.00580078
28.76 1.02251 0.00581257
28.77 1.01911 0.00582434
28.78 1.01539 0.00583607
28.79 1.01131 0.00584776
28.8 1.00686 0.00585942
28.81 1.002 0.00587103
28.82 0.996711 0.00588259
28.83 0.99095 0.00589409
28.84 0.984691 0.00590553
28.85 0.977899 0.0059169
28.86 0.970541 0.0059282
28.87 0.962581 0.00593942
28.88 0.953986 0.00595054
28.89 0.94472 0.00596156
28.9 0.93475 0.00597248
28.91 0.924041 0.00598328
28.92 0.912565 0.00599396
28.93 0.90029 0.0060045
28.94 0.887193 0.0060149
28.95 0.873251 0.00602514
28.96 0.858447 0.00603522
28.97 0.842771 0.00604512
28.98 0.826217 0.00605483
28.99 0.808788 0.00606434
29 0.790495 0.00607365
29.01 0.771356 0.00608274
29.02 0.7514 0.00609159
29.03 0.730666 0.00610021
29.04 0.709201 0.00610858
29.05 0.687063 0.00611669
29.06 0.66432 0.00612454
29.07 0.641047 0.00613212
29.08 0.617329 0.00613942
29.09 0.593258 0.00614644
29.1 0.568929 0.00615318
29.11 0.544446 0.00615963
29.12 0.51991 0.00616579
29.13 0.495427 0.00617166
29.14 0.471101 0.00617725
29.15 0.447032 0.00618255
29.16 0.423318 0.00618758
29.17 0.400048 0.00619233
29.18 0.377307 0.00619681
29.19 0.355169 0.00620102
29.2 0.333703 0.00620499
29.21 0.312964 0.00620871
29.22 0.292999 0.00621219
29.23 0.273847 0.00621544
29.24 0.255535 0.00621848
29.25 0.238081 0.00622131
29.26 0.221496 0.00622394
29.27 0.205782 0.00622639
29.28 0.190932 0.00622866
29.29 0.176936 0.00623077
29.3 0.163776 0.00623271
29.31 0.15143 0.00623451
29.32 0.139873 0.00623618
29.33 0.129076 0.00623771
29.34 0.119007 0.00623913
29.35 0.109634 0.00624043
29.36 0.100923 0.00624163
29.37 0.0928387 0.00624273
29.38 0.0853466 0.00624375
29.39 0.0784123 0.00624468
29.4 0.0720019 0.00624554
29.41 0.0660822 0.00624632
29.42 0.0606212 0.00624704
29.43 0.055588 0.0062477
29.44 0.0509531 0.00624831
29.45 0.0466882 0.00624886
29.46 0.0427666 0.00624937
29.47 0.0391632 0.00624984
29.48 0.0358539 0.00625026
29.49 0.0328166 0.00625065
29.5 0.0300302 0.00625101
29.51 0.0274752 0.00625134
29.52 0.0251333 0.00625163
29.53 0.0229875 0.00625191
29.54 0.0210222 0.00625216
29.55 0.0192227 0.00625238
29.56 0.0175754 0.00625259
29.57 0.0160679 0.00625278
29.58 0.0146886 0.00625296
29.59 0.0134268 0.00625312
29.6 0.0122729 0.00625326
29.61 0.0112176 0.00625339
29.62 0.0102528 0.00625352
29.63 0.00937072 0.00625363
29.64 0.00856444 0.00625373
29.65 0.00782748 0.00625382
29.66 0.00715395 0.00625391
29.67 0.00653844 0.00625398
29.68 0.00597597 0.00625405
29.69 0.005462 0.00625412
29.7 0.00499237 0.00625418
29.71 0.00456326 0.00625423
29.72 0.00417119 0.00625428
29.73 0.00381297 0.00625433
29.74 0.00348567 0.00625437
29.75 0.00318663 0.0062544
29.76 0.00291341 0.00625444
29.77 0.00266376 0.00625447
29.78 0.00243566 0.0062545
29.79 0.00222723 0.00625452
29.8 0.00203678 0.00625455
29.81 0.00186274 0.00625457
29.82 0.0017037 0.00625459
29.83 0.00155836 0.00625461
29.84 0.00142552 0.00625463
29.85 0.00130411 0.00625464
29.86 0.00119313 0.00625466
29.87 0.00109168 0.00625467
29.88 0.000998923 0.00625468
29.89 0.000914116 0.00625469
29.9 0.000836561 0.0062547
29.91 0.000765627 0.00625471
29.92 0.000700733 0.00625472
29.93 0.000641349 0.00625472
29.94 0.000586983 0.00625473
29.95 0.00053718 0.00625474
29.96 0.00049151 0.00625474
29.97 0.000449554 0.00625475
29.98 0.000410857 0.00625475
29.99 0.000374758 0.00625476
