0 0.000510518 1.52009e-15
0.01 0.000513759 6.11903e-15
0.02 0.000517021 1.38554e-14
0.03 0.000520303 2.47889e-14
0.04 0.000523606 3.89797e-14
0.05 0.00052693 5.64891e-14
0.06 0.000530275 7.73794e-14
0.07 0.000533641 1.01714e-13
0.08 0.000537029 1.29556e-13
0.09 0.000540438 1.60971e-13
0.1 0.000543868 1.96025e-13
0.11 0.00054732 2.34785e-13
0.12 0.000550794 2.77319e-13
0.13 0.00055429 3.23695e-13
0.14 0.000557808 3.73983e-13
0.15 0.000561349 4.28255e-13
0.16 0.000564912 4.86582e-13
0.17 0.000568497 5.49037e-13
0.18 0.000572105 6.15695e-13
0.19 0.000575736 6.8663e-13
0.2 0.00057939 7.61918e-13
0.21 0.000583066 8.41638e-13
0.22 0.000586767 9.25867e-13
0.23 0.00059049 1.01468e-12
0.24 0.000594237 1.10817e-12
0.25 0.000598008 1.20641e-12
0.26 0.000601803 1.30948e-12
0.27 0.000605622 1.41748e-12
0.28 0.000609465 1.53047e-12
0.29 0.000613332 1.64856e-12
0.3 0.000617223 1.77183e-12
0.31 0.00062114 1.90037e-12
0.32 0.000625081 2.03426e-12
0.33 0.000629047 2.17361e-12
0.34 0.000633038 2.3185e-12
0.35 0.000637054 2.46902e-12
0.36 0.000641095 2.62529e-12
0.37 0.000645163 2.78738e-12
0.38 0.000649256 2.9554e-12
0.39 0.000653374 3.12945e-12
0.4 0.000657519 3.30964e-12
0.41 0.00066169 3.49606e-12
0.42 0.000665888 3.68881e-12
0.43 0.000670112 3.88802e-12
0.44 0.000674362 4.09377e-12
0.45 0.00067864 4.30618e-12
0.46 0.000682944 4.52537e-12
0.47 0.000687276 4.75143e-12
0.48 0.000691635 4.9845e-12
0.49 0.000696022 5.22467e-12
0.5 0.000700436 5.47207e-12
0.51 0.000704879 5.72682e-12
0.52 0.000709349 5.98904e-12
0.53 0.000713848 6.25884e-12
0.54 0.000718375 6.53636e-12
0.55 0.00072293 6.82171e-12
0.56 0.000727515 7.11502e-12
0.57 0.000732128 7.41643e-12
0.58 0.000736771 7.72607e-12
0.59 0.000741443 8.04406e-12
0.6 0.000746144 8.37053e-12
0.61 0.000750875 8.70564e-12
0.62 0.000755636 9.04951e-12
0.63 0.000760427 9.40228e-12
0.64 0.000765249 9.7641e-12
0.65 0.0007701 1.01351e-11
0.66 0.000774983 1.05155e-11
0.67 0.000779896 1.09053e-11
0.68 0.00078484 1.13047e-11
0.69 0.000789816 1.1714e-11
0.7 0.000794823 1.21332e-11
0.71 0.000799862 1.25625e-11
0.72 0.000804932 1.3002e-11
0.73 0.000810034 1.3452e-11
0.74 0.000815169 1.39125e-11
0.75 0.000820336 1.43838e-11
0.76 0.000825536 1.4866e-11
0.77 0.000830768 1.53593e-11
0.78 0.000836034 1.58638e-11
0.79 0.000841333 1.63797e-11
0.8 0.000846665 1.69073e-11
0.81 0.000852031 1.74467e-11
0.82 0.000857431 1.7998e-11
0.83 0.000862865 1.85614e-11
0.84 0.000868333 1.91372e-11
0.85 0.000873835 1.97256e-11
0.86 0.000879373 2.03266e-11
0.87 0.000884945 2.09406e-11
0.88 0.000890553 2.15677e-11
0.89 0.000896196 2.22081e-11
0.9 0.000901874 2.2862e-11
0.91 0.000907589 2.35296e-11
0.92 0.000913339 2.42112e-11
0.93 0.000919126 2.49069e-11
0.94 0.000924949 2.56169e-11
0.95 0.000930809 2.63416e-11
0.96 0.000936706 2.7081e-11
0.97 0.00094264 2.78354e-11
0.98 0.000948611 2.86051e-11
0.99 0.000954621 2.93903e-11
1 0.000960668 3.01911e-11
1.01 0.000966753 3.10079e-11
1.02 0.000972877 3.18409e-11
1.03 0.000979039 3.26903e-11
1.04 0.00098524 3.35564e-11
1.05 0.00099148 3.44394e-11
1.06 0.00099776 3.53395e-11
1.07 0.00100408 3.62571e-11
1.08 0.00101044 3.71924e-11
1.09 0.00101684 3.81456e-11
1.1 0.00102328 3.9117e-11
1.11 0.00102976 4.01069e-11
1.12 0.00103628 4.11156e-11
1.13 0.00104284 4.21432e-11
1.14 0.00104944 4.31903e-11
1.15 0.00105609 4.42569e-11
1.16 0.00106278 4.53433e-11
1.17 0.0010695 4.645e-11
1.18 0.00107628 4.75772e-11
1.19 0.00108309 4.87251e-11
1.2 0.00108995 4.98941e-11
1.21 0.00109685 5.10845e-11
1.22 0.00110379 5.22966e-11
1.23 0.00111078 5.35307e-11
1.24 0.00111781 5.47872e-11
1.25 0.00112489 5.60663e-11
1.26 0.00113201 5.73684e-11
1.27 0.00113917 5.86939e-11
1.28 0.00114638 6.0043e-11
1.29 0.00115364 6.14162e-11
1.3 0.00116094 6.28137e-11
1.31 0.00116829 6.42359e-11
1.32 0.00117568 6.56832e-11
1.33 0.00118312 6.71559e-11
1.34 0.00119061 6.86545e-11
1.35 0.00119814 7.01792e-11
1.36 0.00120572 7.17304e-11
1.37 0.00121335 7.33086e-11
1.38 0.00122103 7.49142e-11
1.39 0.00122876 7.65474e-11
1.4 0.00123653 7.82087e-11
1.41 0.00124436 7.98986e-11
1.42 0.00125223 8.16174e-11
1.43 0.00126015 8.33655e-11
1.44 0.00126812 8.51434e-11
1.45 0.00127615 8.69515e-11
1.46 0.00128422 8.87902e-11
1.47 0.00129234 9.06599e-11
1.48 0.00130052 9.25612e-11
1.49 0.00130874 9.44943e-11
1.5 0.00131702 9.64599e-11
1.51 0.00132535 9.84584e-11
1.52 0.00133373 1.0049e-10
1.53 0.00134217 1.02556e-10
1.54 0.00135066 1.04655e-10
1.55 0.0013592 1.0679e-10
1.56 0.00136779 1.0896e-10
1.57 0.00137644 1.11166e-10
1.58 0.00138515 1.13407e-10
1.59 0.00139391 1.15686e-10
1.6 0.00140272 1.18002e-10
1.61 0.00141159 1.20356e-10
1.62 0.00142051 1.22748e-10
1.63 0.00142949 1.25179e-10
1.64 0.00143853 1.27649e-10
1.65 0.00144763 1.30159e-10
1.66 0.00145678 1.3271e-10
1.67 0.00146599 1.35302e-10
1.68 0.00147525 1.37936e-10
1.69 0.00148458 1.40612e-10
1.7 0.00149396 1.43331e-10
1.71 0.00150341 1.46093e-10
1.72 0.00151291 1.489e-10
1.73 0.00152247 1.51751e-10
1.74 0.00153209 1.54647e-10
1.75 0.00154177 1.5759e-10
1.76 0.00155152 1.60579e-10
1.77 0.00156132 1.63615e-10
1.78 0.00157119 1.66699e-10
1.79 0.00158111 1.69831e-10
1.8 0.0015911 1.73013e-10
1.81 0.00160116 1.76245e-10
1.82 0.00161127 1.79527e-10
1.83 0.00162145 1.82861e-10
1.84 0.0016317 1.86247e-10
1.85 0.001642 1.89685e-10
1.86 0.00165238 1.93177e-10
1.87 0.00166282 1.96723e-10
1.88 0.00167332 2.00324e-10
1.89 0.00168389 2.03981e-10
1.9 0.00169452 2.07694e-10
1.91 0.00170523 2.11465e-10
1.92 0.00171599 2.15294e-10
1.93 0.00172683 2.19181e-10
1.94 0.00173774 2.23128e-10
1.95 0.00174871 2.27136e-10
1.96 0.00175975 2.31205e-10
1.97 0.00177086 2.35336e-10
1.98 0.00178205 2.3953e-10
1.99 0.0017933 2.43788e-10
2 0.00180462 2.48111e-10
2.01 0.00181601 2.52499e-10
2.02 0.00182748 2.56954e-10
2.03 0.00183901 2.61476e-10
2.04 0.00185062 2.66067e-10
2.05 0.0018623 2.70727e-10
2.06 0.00187406 2.75457e-10
2.07 0.00188589 2.80259e-10
2.08 0.00189779 2.85132e-10
2.09 0.00190977 2.90079e-10
2.1 0.00192182 2.951e-10
2.11 0.00193395 3.00196e-10
2.12 0.00194615 3.05369e-10
2.13 0.00195843 3.10618e-10
2.14 0.00197079 3.15946e-10
2.15 0.00198322 3.21354e-10
2.16 0.00199574 3.26841e-10
2.17 0.00200833 3.32411e-10
2.18 0.002021 3.38062e-10
2.19 0.00203375 3.43798e-10
2.2 0.00204658 3.49618e-10
2.21 0.00205949 3.55525e-10
2.22 0.00207248 3.61519e-10
2.23 0.00208555 3.67601e-10
2.24 0.0020987 3.73772e-10
2.25 0.00211194 3.80035e-10
2.26 0.00212526 3.86389e-10
2.27 0.00213866 3.92837e-10
2.28 0.00215215 3.99379e-10
2.29 0.00216572 4.06017e-10
2.3 0.00217937 4.12753e-10
2.31 0.00219311 4.19586e-10
2.32 0.00220694 4.26519e-10
2.33 0.00222085 4.33554e-10
2.34 0.00223485 4.4069e-10
2.35 0.00224894 4.47931e-10
2.36 0.00226312 4.55277e-10
2.37 0.00227738 4.62729e-10
2.38 0.00229174 4.70289e-10
2.39 0.00230618 4.77959e-10
2.4 0.00232072 4.8574e-10
2.41 0.00233534 4.93633e-10
2.42 0.00235006 5.01641e-10
2.43 0.00236487 5.09763e-10
2.44 0.00237977 5.18003e-10
2.45 0.00239476 5.26362e-10
2.46 0.00240985 5.3484e-10
2.47 0.00242503 5.43441e-10
2.48 0.00244031 5.52164e-10
2.49 0.00245568 5.61013e-10
2.5 0.00247115 5.69989e-10
2.51 0.00248672 5.79093e-10
2.52 0.00250238 5.88327e-10
2.53 0.00251814 5.97693e-10
2.54 0.002534 6.07193e-10
2.55 0.00254996 6.16828e-10
2.56 0.00256601 6.26601e-10
2.57 0.00258217 6.36512e-10
2.58 0.00259843 6.46565e-10
2.59 0.00261479 6.5676e-10
2.6 0.00263125 6.671e-10
2.61 0.00264782 6.77586e-10
2.62 0.00266449 6.88221e-10
2.63 0.00268126 6.99007e-10
2.64 0.00269814 7.09945e-10
2.65 0.00271512 7.21038e-10
2.66 0.00273221 7.32288e-10
2.67 0.0027494 7.43696e-10
2.68 0.00276671 7.55265e-10
2.69 0.00278412 7.66996e-10
2.7 0.00280164 7.78893e-10
2.71 0.00281927 7.90958e-10
2.72 0.002837 8.03191e-10
2.73 0.00285485 8.15597e-10
2.74 0.00287281 8.28176e-10
2.75 0.00289088 8.40932e-10
2.76 0.00290907 8.53866e-10
2.77 0.00292737 8.66982e-10
2.78 0.00294578 8.80281e-10
2.79 0.00296431 8.93765e-10
2.8 0.00298295 9.07438e-10
2.81 0.00300171 9.21302e-10
2.82 0.00302058 9.35359e-10
2.83 0.00303958 9.49612e-10
2.84 0.00305869 9.64063e-10
2.85 0.00307792 9.78715e-10
2.86 0.00309727 9.93571e-10
2.87 0.00311674 1.00863e-09
2.88 0.00313633 1.0239e-09
2.89 0.00315604 1.03939e-09
2.9 0.00317588 1.05509e-09
2.91 0.00319584 1.071e-09
2.92 0.00321592 1.08714e-09
2.93 0.00323613 1.10349e-09
2.94 0.00325647 1.12008e-09
2.95 0.00327693 1.13689e-09
2.96 0.00329752 1.15394e-09
2.97 0.00331823 1.17122e-09
2.98 0.00333908 1.18874e-09
2.99 0.00336005 1.2065e-09
3 0.00338116 1.2245e-09
3.01 0.0034024 1.24276e-09
3.02 0.00342377 1.26126e-09
3.03 0.00344527 1.28002e-09
3.04 0.0034669 1.29903e-09
3.05 0.00348867 1.31831e-09
3.06 0.00351058 1.33785e-09
3.07 0.00353262 1.35766e-09
3.08 0.0035548 1.37774e-09
3.09 0.00357711 1.39809e-09
3.1 0.00359957 1.41873e-09
3.11 0.00362216 1.43964e-09
3.12 0.00364489 1.46084e-09
3.13 0.00366777 1.48233e-09
3.14 0.00369079 1.50412e-09
3.15 0.00371395 1.5262e-09
3.16 0.00373725 1.54858e-09
3.17 0.0037607 1.57127e-09
3.18 0.00378429 1.59426e-09
3.19 0.00380803 1.61757e-09
3.2 0.00383192 1.64119e-09
3.21 0.00385596 1.66514e-09
3.22 0.00388014 1.68941e-09
3.23 0.00390448 1.71401e-09
3.24 0.00392896 1.73895e-09
3.25 0.0039536 1.76422e-09
3.26 0.00397839 1.78984e-09
3.27 0.00400333 1.8158e-09
3.28 0.00402843 1.84211e-09
3.29 0.00405368 1.86878e-09
3.3 0.0040791 1.89581e-09
3.31 0.00410466 1.92321e-09
3.32 0.00413039 1.95098e-09
3.33 0.00415627 1.97912e-09
3.34 0.00418232 2.00764e-09
3.35 0.00420853 2.03654e-09
3.36 0.0042349 2.06584e-09
3.37 0.00426143 2.09553e-09
3.38 0.00428813 2.12562e-09
3.39 0.00431499 2.15611e-09
3.4 0.00434202 2.18702e-09
3.41 0.00436921 2.21834e-09
3.42 0.00439658 2.25008e-09
3.43 0.00442411 2.28225e-09
3.44 0.00445181 2.31485e-09
3.45 0.00447969 2.34788e-09
3.46 0.00450773 2.38136e-09
3.47 0.00453595 2.41529e-09
3.48 0.00456435 2.44968e-09
3.49 0.00459292 2.48452e-09
3.5 0.00462166 2.51983e-09
3.51 0.00465059 2.55561e-09
3.52 0.00467969 2.59188e-09
3.53 0.00470897 2.62862e-09
3.54 0.00473844 2.66586e-09
3.55 0.00476808 2.70359e-09
3.56 0.00479791 2.74183e-09
3.57 0.00482792 2.78058e-09
3.58 0.00485812 2.81985e-09
3.59 0.0048885 2.85964e-09
3.6 0.00491908 2.89996e-09
3.61 0.00494984 2.94081e-09
3.62 0.00498079 2.98221e-09
3.63 0.00501193 3.02416e-09
3.64 0.00504326 3.06667e-09
3.65 0.00507479 3.10975e-09
3.66 0.00510651 3.15339e-09
3.67 0.00513842 3.19762e-09
3.68 0.00517053 3.24244e-09
3.69 0.00520284 3.28784e-09
3.7 0.00523535 3.33386e-09
3.71 0.00526806 3.38048e-09
3.72 0.00530097 3.42772e-09
3.73 0.00533409 3.47558e-09
3.74 0.00536741 3.52408e-09
3.75 0.00540093 3.57322e-09
3.76 0.00543466 3.62301e-09
3.77 0.00546859 3.67347e-09
3.78 0.00550274 3.72458e-09
3.79 0.00553709 3.77638e-09
3.8 0.00557166 3.82885e-09
3.81 0.00560644 3.88202e-09
3.82 0.00564143 3.9359e-09
3.83 0.00567664 3.99048e-09
3.84 0.00571207 4.04578e-09
3.85 0.00574771 4.10182e-09
3.86 0.00578357 4.15859e-09
3.87 0.00581965 4.21611e-09
3.88 0.00585595 4.27439e-09
3.89 0.00589248 4.33343e-09
3.9 0.00592923 4.39325e-09
3.91 0.00596621 4.45386e-09
3.92 0.00600341 4.51527e-09
3.93 0.00604084 4.57748e-09
3.94 0.0060785 4.64051e-09
3.95 0.0061164 4.70437e-09
3.96 0.00615452 4.76906e-09
3.97 0.00619288 4.83461e-09
3.98 0.00623147 4.90101e-09
3.99 0.0062703 4.96829e-09
4 0.00630937 5.03645e-09
4.01 0.00634868 5.1055e-09
4.02 0.00638823 5.17546e-09
4.03 0.00642802 5.24633e-09
4.04 0.00646805 5.31813e-09
4.05 0.00650833 5.39087e-09
4.06 0.00654886 5.46457e-09
4.07 0.00658963 5.53922e-09
4.08 0.00663066 5.61485e-09
4.09 0.00667193 5.69147e-09
4.1 0.00671346 5.7691e-09
4.11 0.00675524 5.84773e-09
4.12 0.00679728 5.92739e-09
4.13 0.00683957 6.0081e-09
4.14 0.00688212 6.08985e-09
4.15 0.00692494 6.17267e-09
4.16 0.00696801 6.25657e-09
4.17 0.00701135 6.34157e-09
4.18 0.00705495 6.42767e-09
4.19 0.00709882 6.51489e-09
4.2 0.00714296 6.60325e-09
4.21 0.00718736 6.69276e-09
4.22 0.00723204 6.78343e-09
4.23 0.00727699 6.87528e-09
4.24 0.00732221 6.96833e-09
4.25 0.00736771 7.06258e-09
4.26 0.00741349 7.15806e-09
4.27 0.00745954 7.25478e-09
4.28 0.00750588 7.35276e-09
4.29 0.0075525 7.45201e-09
4.3 0.0075994 7.55255e-09
4.31 0.00764659 7.65439e-09
4.32 0.00769407 7.75755e-09
4.33 0.00774184 7.86205e-09
4.34 0.00778989 7.9679e-09
4.35 0.00783824 8.07513e-09
4.36 0.00788688 8.18374e-09
4.37 0.00793582 8.29376e-09
4.38 0.00798506 8.4052e-09
4.39 0.0080346 8.51809e-09
4.4 0.00808443 8.63243e-09
4.41 0.00813458 8.74826e-09
4.42 0.00818502 8.86558e-09
4.43 0.00823577 8.98442e-09
4.44 0.00828683 9.10479e-09
4.45 0.0083382 9.22672e-09
4.46 0.00838989 9.35022e-09
4.47 0.00844188 9.47532e-09
4.48 0.00849419 9.60203e-09
4.49 0.00854682 9.73038e-09
4.5 0.00859977 9.86038e-09
4.51 0.00865304 9.99205e-09
4.52 0.00870663 1.01254e-08
4.53 0.00876055 1.02605e-08
4.54 0.00881479 1.03974e-08
4.55 0.00886937 1.05359e-08
4.56 0.00892427 1.06763e-08
4.57 0.0089795 1.08185e-08
4.58 0.00903507 1.09625e-08
4.59 0.00909098 1.11084e-08
4.6 0.00914723 1.12561e-08
4.61 0.00920381 1.14058e-08
4.62 0.00926074 1.15573e-08
4.63 0.00931801 1.17108e-08
4.64 0.00937563 1.18663e-08
4.65 0.0094336 1.20238e-08
4.66 0.00949191 1.21833e-08
4.67 0.00955058 1.23448e-08
4.68 0.0096096 1.25085e-08
4.69 0.00966898 1.26742e-08
4.7 0.00972872 1.2842e-08
4.71 0.00978882 1.3012e-08
4.72 0.00984928 1.31842e-08
4.73 0.00991011 1.33586e-08
4.74 0.0099713 1.35352e-08
4.75 0.0100329 1.3714e-08
4.76 0.0100948 1.38952e-08
4.77 0.0101571 1.40787e-08
4.78 0.0102198 1.42645e-08
4.79 0.0102828 1.44527e-08
4.8 0.0103463 1.46433e-08
4.81 0.0104101 1.48363e-08
4.82 0.0104743 1.50318e-08
4.83 0.0105389 1.52298e-08
4.84 0.0106039 1.54304e-08
4.85 0.0106692 1.56335e-08
4.86 0.010735 1.58392e-08
4.87 0.0108012 1.60475e-08
4.88 0.0108677 1.62584e-08
4.89 0.0109347 1.64721e-08
4.9 0.011002 1.66885e-08
4.91 0.0110698 1.69076e-08
4.92 0.011138 1.71295e-08
4.93 0.0112065 1.73543e-08
4.94 0.0112755 1.75819e-08
4.95 0.0113449 1.78124e-08
4.96 0.0114147 1.80459e-08
4.97 0.011485 1.82823e-08
4.98 0.0115556 1.85217e-08
4.99 0.0116267 1.87642e-08
5 0.0116982 1.90097e-08
5.01 0.0117702 1.92584e-08
5.02 0.0118425 1.95103e-08
5.03 0.0119153 1.97653e-08
5.04 0.0119885 2.00236e-08
5.05 0.0120622 2.02851e-08
5.06 0.0121363 2.055e-08
5.07 0.0122109 2.08182e-08
5.08 0.0122859 2.10899e-08
5.09 0.0123613 2.13649e-08
5.1 0.0124372 2.16435e-08
5.11 0.0125136 2.19256e-08
5.12 0.0125904 2.22113e-08
5.13 0.0126676 2.25006e-08
5.14 0.0127454 2.27935e-08
5.15 0.0128235 2.30902e-08
5.16 0.0129022 2.33906e-08
5.17 0.0129813 2.36948e-08
5.18 0.0130609 2.40029e-08
5.19 0.013141 2.43149e-08
5.2 0.0132215 2.46308e-08
5.21 0.0133025 2.49507e-08
5.22 0.013384 2.52747e-08
5.23 0.013466 2.56027e-08
5.24 0.0135485 2.59349e-08
5.25 0.0136314 2.62713e-08
5.26 0.0137149 2.66119e-08
5.27 0.0137988 2.69568e-08
5.28 0.0138833 2.73061e-08
5.29 0.0139682 2.76598e-08
5.3 0.0140537 2.8018e-08
5.31 0.0141396 2.83806e-08
5.32 0.0142261 2.87479e-08
5.33 0.0143131 2.91197e-08
5.34 0.0144006 2.94963e-08
5.35 0.0144886 2.98776e-08
5.36 0.0145771 3.02637e-08
5.37 0.0146662 3.06546e-08
5.38 0.0147558 3.10505e-08
5.39 0.0148459 3.14513e-08
5.4 0.0149365 3.18572e-08
5.41 0.0150277 3.22682e-08
5.42 0.0151194 3.26844e-08
5.43 0.0152117 3.31058e-08
5.44 0.0153045 3.35325e-08
5.45 0.0153978 3.39645e-08
5.46 0.0154917 3.4402e-08
5.47 0.0155862 3.4845e-08
5.48 0.0156812 3.52935e-08
5.49 0.0157768 3.57476e-08
5.5 0.0158729 3.62075e-08
5.51 0.0159696 3.66731e-08
5.52 0.0160669 3.71446e-08
5.53 0.0161647 3.76219e-08
5.54 0.0162631 3.81053e-08
5.55 0.0163621 3.85947e-08
5.56 0.0164617 3.90902e-08
5.57 0.0165618 3.9592e-08
5.58 0.0166626 4.01e-08
5.59 0.0167639 4.06144e-08
5.6 0.0168658 4.11352e-08
5.61 0.0169684 4.16625e-08
5.62 0.0170715 4.21964e-08
5.63 0.0171752 4.2737e-08
5.64 0.0172796 4.32844e-08
5.65 0.0173845 4.38386e-08
5.66 0.0174901 4.43997e-08
5.67 0.0175962 4.49678e-08
5.68 0.017703 4.5543e-08
5.69 0.0178105 4.61254e-08
5.7 0.0179185 4.67151e-08
5.71 0.0180272 4.73121e-08
5.72 0.0181365 4.79166e-08
5.73 0.0182464 4.85285e-08
5.74 0.018357 4.91482e-08
5.75 0.0184683 4.97755e-08
5.76 0.0185801 5.04107e-08
5.77 0.0186927 5.10538e-08
5.78 0.0188059 5.17048e-08
5.79 0.0189197 5.2364e-08
5.8 0.0190342 5.30314e-08
5.81 0.0191494 5.37071e-08
5.82 0.0192652 5.43912e-08
5.83 0.0193817 5.50838e-08
5.84 0.0194989 5.5785e-08
5.85 0.0196168 5.64949e-08
5.86 0.0197353 5.72136e-08
5.87 0.0198546 5.79413e-08
5.88 0.0199745 5.8678e-08
5.89 0.0200951 5.94239e-08
5.9 0.0202164 6.0179e-08
5.91 0.0203385 6.09434e-08
5.92 0.0204612 6.17174e-08
5.93 0.0205846 6.25009e-08
5.94 0.0207088 6.32942e-08
5.95 0.0208336 6.40973e-08
5.96 0.0209592 6.49103e-08
5.97 0.0210855 6.57335e-08
5.98 0.0212126 6.65668e-08
5.99 0.0213403 6.74104e-08
6 0.0214688 6.82644e-08
6.01 0.0215981 6.91291e-08
6.02 0.0217281 7.00044e-08
6.03 0.0218588 7.08905e-08
6.04 0.0219903 7.17876e-08
6.05 0.0221225 7.26958e-08
6.06 0.0222555 7.36152e-08
6.07 0.0223893 7.4546e-08
6.08 0.0225238 7.54882e-08
6.09 0.0226591 7.64421e-08
6.1 0.0227952 7.74078e-08
6.11 0.022932 7.83853e-08
6.12 0.0230696 7.9375e-08
6.13 0.0232081 8.03768e-08
6.14 0.0233473 8.1391e-08
6.15 0.0234873 8.24176e-08
6.16 0.0236281 8.3457e-08
6.17 0.0237697 8.45091e-08
6.18 0.0239121 8.55741e-08
6.19 0.0240553 8.66523e-08
6.2 0.0241994 8.77438e-08
6.21 0.0243442 8.88487e-08
6.22 0.0244899 8.99671e-08
6.23 0.0246364 9.10993e-08
6.24 0.0247838 9.22454e-08
6.25 0.024932 9.34057e-08
6.26 0.025081 9.45801e-08
6.27 0.0252309 9.5769e-08
6.28 0.0253816 9.69725e-08
6.29 0.0255331 9.81907e-08
6.3 0.0256856 9.94239e-08
6.31 0.0258389 1.00672e-07
6.32 0.025993 1.01936e-07
6.33 0.0261481 1.03215e-07
6.34 0.026304 1.0451e-07
6.35 0.0264608 1.0582e-07
6.36 0.0266184 1.07147e-07
6.37 0.026777 1.0849e-07
6.38 0.0269365 1.09849e-07
6.39 0.0270968 1.11225e-07
6.4 0.0272581 1.12618e-07
6.41 0.0274202 1.14028e-07
6.42 0.0275833 1.15455e-07
6.43 0.0277473 1.169e-07
6.44 0.0279122 1.18362e-07
6.45 0.0280781 1.19842e-07
6.46 0.0282448 1.2134e-07
6.47 0.0284125 1.22856e-07
6.48 0.0285812 1.24391e-07
6.49 0.0287508 1.25945e-07
6.5 0.0289213 1.27517e-07
6.51 0.0290928 1.29109e-07
6.52 0.0292652 1.3072e-07
6.53 0.0294387 1.32351e-07
6.54 0.029613 1.34002e-07
6.55 0.0297884 1.35672e-07
6.56 0.0299647 1.37363e-07
6.57 0.030142 1.39075e-07
6.58 0.0303203 1.40807e-07
6.59 0.0304996 1.42561e-07
6.6 0.0306799 1.44336e-07
6.61 0.0308612 1.46132e-07
6.62 0.0310434 1.4795e-07
6.63 0.0312267 1.4979e-07
6.64 0.0314111 1.51653e-07
6.65 0.0315964 1.53538e-07
6.66 0.0317828 1.55446e-07
6.67 0.0319702 1.57377e-07
6.68 0.0321586 1.59332e-07
6.69 0.032348 1.6131e-07
6.7 0.0325386 1.63312e-07
6.71 0.0327301 1.65339e-07
6.72 0.0329227 1.6739e-07
6.73 0.0331164 1.69466e-07
6.74 0.0333112 1.71567e-07
6.75 0.033507 1.73693e-07
6.76 0.0337039 1.75845e-07
6.77 0.0339018 1.78023e-07
6.78 0.0341009 1.80228e-07
6.79 0.0343011 1.82459e-07
6.8 0.0345023 1.84717e-07
6.81 0.0347046 1.87002e-07
6.82 0.0349081 1.89315e-07
6.83 0.0351127 1.91655e-07
6.84 0.0353183 1.94024e-07
6.85 0.0355252 1.96422e-07
6.86 0.0357331 1.98848e-07
6.87 0.0359422 2.01303e-07
6.88 0.0361524 2.03788e-07
6.89 0.0363637 2.06303e-07
6.9 0.0365762 2.08849e-07
6.91 0.0367898 2.11425e-07
6.92 0.0370047 2.14031e-07
6.93 0.0372206 2.1667e-07
6.94 0.0374378 2.19339e-07
6.95 0.0376561 2.22041e-07
6.96 0.0378756 2.24776e-07
6.97 0.0380963 2.27543e-07
6.98 0.0383181 2.30343e-07
6.99 0.0385412 2.33177e-07
7 0.0387655 2.36045e-07
7.01 0.038991 2.38947e-07
7.02 0.0392177 2.41884e-07
7.03 0.0394456 2.44856e-07
7.04 0.0396747 2.47864e-07
7.05 0.0399051 2.50908e-07
7.06 0.0401367 2.53988e-07
7.07 0.0403696 2.57105e-07
7.08 0.0406037 2.60259e-07
7.09 0.040839 2.63451e-07
7.1 0.0410756 2.66681e-07
7.11 0.0413135 2.6995e-07
7.12 0.0415526 2.73257e-07
7.13 0.041793 2.76604e-07
7.14 0.0420347 2.79991e-07
7.15 0.0422777 2.83419e-07
7.16 0.042522 2.86887e-07
7.17 0.0427675 2.90396e-07
7.18 0.0430144 2.93947e-07
7.19 0.0432626 2.97541e-07
7.2 0.0435121 3.01177e-07
7.21 0.0437629 3.04857e-07
7.22 0.044015 3.0858e-07
7.23 0.0442685 3.12347e-07
7.24 0.0445233 3.16159e-07
7.25 0.0447795 3.20017e-07
7.26 0.045037 3.2392e-07
7.27 0.0452958 3.27869e-07
7.28 0.045556 3.31866e-07
7.29 0.0458176 3.35909e-07
7.3 0.0460806 3.40001e-07
7.31 0.0463449 3.44141e-07
7.32 0.0466106 3.4833e-07
7.33 0.0468777 3.52569e-07
7.34 0.0471463 3.56857e-07
7.35 0.0474162 3.61197e-07
7.36 0.0476875 3.65587e-07
7.37 0.0479602 3.7003e-07
7.38 0.0482343 3.74525e-07
7.39 0.0485099 3.79073e-07
7.4 0.0487869 3.83675e-07
7.41 0.0490654 3.88331e-07
7.42 0.0493452 3.93042e-07
7.43 0.0496266 3.97808e-07
7.44 0.0499094 4.02631e-07
7.45 0.0501936 4.0751e-07
7.46 0.0504793 4.12447e-07
7.47 0.0507665 4.17441e-07
7.48 0.0510552 4.22495e-07
7.49 0.0513453 4.27608e-07
7.5 0.051637 4.32781e-07
7.51 0.0519301 4.38014e-07
7.52 0.0522248 4.43309e-07
7.53 0.0525209 4.48667e-07
7.54 0.0528186 4.54087e-07
7.55 0.0531178 4.5957e-07
7.56 0.0534185 4.65118e-07
7.57 0.0537208 4.70731e-07
7.58 0.0540246 4.76409e-07
7.59 0.0543299 4.82154e-07
7.6 0.0546368 4.87966e-07
7.61 0.0549453 4.93846e-07
7.62 0.0552553 4.99794e-07
7.63 0.0555669 5.05812e-07
7.64 0.05588 5.11901e-07
7.65 0.0561948 5.1806e-07
7.66 0.0565111 5.24291e-07
7.67 0.056829 5.30595e-07
7.68 0.0571486 5.36972e-07
7.69 0.0574697 5.43424e-07
7.7 0.0577925 5.4995e-07
7.71 0.0581168 5.56553e-07
7.72 0.0584428 5.63232e-07
7.73 0.0587704 5.69989e-07
7.74 0.0590997 5.76824e-07
7.75 0.0594306 5.83739e-07
7.76 0.0597632 5.90733e-07
7.77 0.0600974 5.97809e-07
7.78 0.0604333 6.04968e-07
7.79 0.0607708 6.12209e-07
7.8 0.0611101 6.19533e-07
7.81 0.061451 6.26943e-07
7.82 0.0617936 6.34438e-07
7.83 0.0621379 6.4202e-07
7.84 0.0624838 6.4969e-07
7.85 0.0628315 6.57448e-07
7.86 0.0631809 6.65296e-07
7.87 0.0635321 6.73235e-07
7.88 0.0638849 6.81265e-07
7.89 0.0642395 6.89387e-07
7.9 0.0645958 6.97603e-07
7.91 0.0649539 7.05914e-07
7.92 0.0653137 7.1432e-07
7.93 0.0656753 7.22824e-07
7.94 0.0660386 7.31424e-07
7.95 0.0664037 7.40124e-07
7.96 0.0667706 7.48924e-07
7.97 0.0671392 7.57825e-07
7.98 0.0675097 7.66827e-07
7.99 0.0678819 7.75933e-07
8 0.0682559 7.85144e-07
8.01 0.0686318 7.9446e-07
8.02 0.0690094 8.03882e-07
8.03 0.0693889 8.13413e-07
8.04 0.0697702 8.23052e-07
8.05 0.0701533 8.32802e-07
8.06 0.0705383 8.42663e-07
8.07 0.0709251 8.52636e-07
8.08 0.0713137 8.62723e-07
8.09 0.0717042 8.72926e-07
8.1 0.0720966 8.83244e-07
8.11 0.0724908 8.93681e-07
8.12 0.0728869 9.04236e-07
8.13 0.0732849 9.14911e-07
8.14 0.0736848 9.25707e-07
8.15 0.0740865 9.36627e-07
8.16 0.0744902 9.4767e-07
8.17 0.0748957 9.58839e-07
8.18 0.0753032 9.70134e-07
8.19 0.0757126 9.81558e-07
8.2 0.0761239 9.9311e-07
8.21 0.0765371 1.00479e-06
8.22 0.0769523 1.01661e-06
8.23 0.0773694 1.02856e-06
8.24 0.0777885 1.04064e-06
8.25 0.0782095 1.05287e-06
8.26 0.0786324 1.06523e-06
8.27 0.0790573 1.07772e-06
8.28 0.0794842 1.09036e-06
8.29 0.0799131 1.10315e-06
8.3 0.080344 1.11607e-06
8.31 0.0807768 1.12915e-06
8.32 0.0812116 1.14236e-06
8.33 0.0816485 1.15573e-06
8.34 0.0820873 1.16925e-06
8.35 0.0825282 1.18292e-06
8.36 0.082971 1.19674e-06
8.37 0.0834159 1.21072e-06
8.38 0.0838628 1.22486e-06
8.39 0.0843118 1.23915e-06
8.4 0.0847628 1.2536e-06
8.41 0.0852158 1.26822e-06
8.42 0.0856709 1.283e-06
8.43 0.0861281 1.29794e-06
8.44 0.0865873 1.31305e-06
8.45 0.0870486 1.32833e-06
8.46 0.0875119 1.34378e-06
8.47 0.0879774 1.3594e-06
8.48 0.0884449 1.3752e-06
8.49 0.0889145 1.39117e-06
8.5 0.0893862 1.40732e-06
8.51 0.08986 1.42365e-06
8.52 0.0903359 1.44016e-06
8.53 0.090814 1.45685e-06
8.54 0.0912941 1.47373e-06
8.55 0.0917764 1.4908e-06
8.56 0.0922608 1.50805e-06
8.57 0.0927474 1.5255e-06
8.58 0.093236 1.54314e-06
8.59 0.0937269 1.56097e-06
8.6 0.0942199 1.579e-06
8.61 0.094715 1.59723e-06
8.62 0.0952123 1.61567e-06
8.63 0.0957118 1.6343e-06
8.64 0.0962134 1.65314e-06
8.65 0.0967173 1.67219e-06
8.66 0.0972233 1.69145e-06
8.67 0.0977315 1.71092e-06
8.68 0.0982419 1.7306e-06
8.69 0.0987545 1.7505e-06
8.7 0.0992692 1.77062e-06
8.71 0.0997863 1.79095e-06
8.72 0.100305 1.81151e-06
8.73 0.100827 1.8323e-06
8.74 0.101351 1.85331e-06
8.75 0.101876 1.87456e-06
8.76 0.102405 1.89603e-06
8.77 0.102935 1.91774e-06
8.78 0.103468 1.93969e-06
8.79 0.104002 1.96188e-06
8.8 0.10454 1.98431e-06
8.81 0.105079 2.00698e-06
8.82 0.105621 2.0299e-06
8.83 0.106164 2.05306e-06
8.84 0.106711 2.07648e-06
8.85 0.107259 2.10016e-06
8.86 0.10781 2.12409e-06
8.87 0.108363 2.14828e-06
8.88 0.108918 2.17273e-06
8.89 0.109476 2.19745e-06
8.9 0.110036 2.22243e-06
8.91 0.110598 2.24769e-06
8.92 0.111162 2.27321e-06
8.93 0.111729 2.29901e-06
8.94 0.112298 2.32509e-06
8.95 0.11287 2.35146e-06
8.96 0.113444 2.3781e-06
8.97 0.11402 2.40503e-06
8.98 0.114598 2.43225e-06
8.99 0.115179 2.45977e-06
9 0.115762 2.48757e-06
9.01 0.116348 2.51568e-06
9.02 0.116936 2.54409e-06
9.03 0.117526 2.5728e-06
9.04 0.118118 2.60182e-06
9.05 0.118713 2.63115e-06
9.06 0.119311 2.66079e-06
9.07 0.11991 2.69075e-06
9.08 0.120512 2.72103e-06
9.09 0.121117 2.75163e-06
9.1 0.121724 2.78255e-06
9.11 0.122333 2.81381e-06
9.12 0.122944 2.84539e-06
9.13 0.123558 2.87732e-06
9.14 0.124175 2.90958e-06
9.15 0.124793 2.94218e-06
9.16 0.125414 2.97513e-06
9.17 0.126038 3.00842e-06
9.18 0.126664 3.04207e-06
9.19 0.127292 3.07608e-06
9.2 0.127923 3.11044e-06
9.21 0.128556 3.14517e-06
9.22 0.129192 3.18026e-06
9.23 0.12983 3.21572e-06
9.24 0.130471 3.25155e-06
9.25 0.131113 3.28776e-06
9.26 0.131759 3.32435e-06
9.27 0.132407 3.36133e-06
9.28 0.133057 3.39869e-06
9.29 0.133709 3.43644e-06
9.3 0.134365 3.47459e-06
9.31 0.135022 3.51314e-06
9.32 0.135682 3.55209e-06
9.33 0.136344 3.59145e-06
9.34 0.137009 3.63121e-06
9.35 0.137677 3.67139e-06
9.36 0.138347 3.71199e-06
9.37 0.139019 3.75301e-06
9.38 0.139694 3.79446e-06
9.39 0.140371 3.83634e-06
9.4 0.14105 3.87865e-06
9.41 0.141732 3.9214e-06
9.42 0.142417 3.96459e-06
9.43 0.143104 4.00823e-06
9.44 0.143794 4.05232e-06
9.45 0.144486 4.09687e-06
9.46 0.14518 4.14187e-06
9.47 0.145877 4.18734e-06
9.48 0.146577 4.23328e-06
9.49 0.147279 4.27968e-06
9.5 0.147983 4.32657e-06
9.51 0.14869 4.37394e-06
9.52 0.149399 4.42179e-06
9.53 0.150111 4.47013e-06
9.54 0.150826 4.51897e-06
9.55 0.151542 4.56831e-06
9.56 0.152262 4.61815e-06
9.57 0.152984 4.6685e-06
9.58 0.153708 4.71936e-06
9.59 0.154435 4.77074e-06
9.6 0.155164 4.82264e-06
9.61 0.155896 4.87507e-06
9.62 0.15663 4.92804e-06
9.63 0.157367 4.98154e-06
9.64 0.158106 5.03558e-06
9.65 0.158848 5.09017e-06
9.66 0.159592 5.14531e-06
9.67 0.160339 5.20101e-06
9.68 0.161088 5.25727e-06
9.69 0.16184 5.3141e-06
9.7 0.162594 5.3715e-06
9.71 0.163351 5.42948e-06
9.72 0.164111 5.48804e-06
9.73 0.164872 5.54719e-06
9.74 0.165637 5.60694e-06
9.75 0.166403 5.66728e-06
9.76 0.167173 5.72823e-06
9.77 0.167944 5.78978e-06
9.78 0.168719 5.85195e-06
9.79 0.169495 5.91475e-06
9.8 0.170275 5.97816e-06
9.81 0.171056 6.04221e-06
9.82 0.171841 6.1069e-06
9.83 0.172627 6.17223e-06
9.84 0.173417 6.23821e-06
9.85 0.174208 6.30484e-06
9.86 0.175003 6.37213e-06
9.87 0.175799 6.44009e-06
9.88 0.176598 6.50872e-06
9.89 0.1774 6.57803e-06
9.9 0.178204 6.64802e-06
9.91 0.179011 6.71871e-06
9.92 0.17982 6.79008e-06
9.93 0.180632 6.86216e-06
9.94 0.181446 6.93495e-06
9.95 0.182262 7.00845e-06
9.96 0.183081 7.08267e-06
9.97 0.183903 7.15762e-06
9.98 0.184727 7.2333e-06
9.99 0.185553 7.30972e-06
10 0.186382 7.38689e-06
10.01 0.187214 7.46481e-06
10.02 0.188048 7.54349e-06
10.03 0.188884 7.62293e-06
10.04 0.189723 7.70314e-06
10.05 0.190564 7.78414e-06
10.06 0.191408 7.86591e-06
10.07 0.192254 7.94848e-06
10.08 0.193102 8.03185e-06
10.09 0.193953 8.11602e-06
10.1 0.194807 8.201e-06
10.11 0.195663 8.28681e-06
10.12 0.196521 8.37344e-06
10.13 0.197382 8.4609e-06
10.14 0.198245 8.5492e-06
10.15 0.199111 8.63835e-06
10.16 0.199979 8.72835e-06
10.17 0.200849 8.81922e-06
10.18 0.201722 8.91095e-06
10.19 0.202597 9.00356e-06
10.2 0.203475 9.09705e-06
10.21 0.204355 9.19143e-06
10.22 0.205238 9.28671e-06
10.23 0.206123 9.3829e-06
10.24 0.20701 9.47999e-06
10.25 0.2079 9.57801e-06
10.26 0.208792 9.67696e-06
10.27 0.209686 9.77684e-06
10.28 0.210583 9.87766e-06
10.29 0.211482 9.97944e-06
10.3 0.212384 1.00822e-05
10.31 0.213288 1.01859e-05
10.32 0.214194 1.02906e-05
10.33 0.215103 1.03962e-05
10.34 0.216014 1.05029e-05
10.35 0.216927 1.06105e-05
10.36 0.217843 1.07192e-05
10.37 0.218761 1.08288e-05
10.38 0.219682 1.09395e-05
10.39 0.220604 1.10512e-05
10.4 0.221529 1.1164e-05
10.41 0.222457 1.12778e-05
10.42 0.223386 1.13927e-05
10.43 0.224318 1.15086e-05
10.44 0.225252 1.16256e-05
10.45 0.226189 1.17437e-05
10.46 0.227128 1.18629e-05
10.47 0.228069 1.19832e-05
10.48 0.229012 1.21046e-05
10.49 0.229958 1.22271e-05
10.5 0.230906 1.23507e-05
10.51 0.231856 1.24755e-05
10.52 0.232808 1.26014e-05
10.53 0.233763 1.27284e-05
10.54 0.23472 1.28566e-05
10.55 0.235679 1.2986e-05
10.56 0.23664 1.31166e-05
10.57 0.237604 1.32484e-05
10.58 0.23857 1.33813e-05
10.59 0.239538 1.35155e-05
10.6 0.240508 1.36509e-05
10.61 0.24148 1.37875e-05
10.62 0.242455 1.39253e-05
10.63 0.243432 1.40644e-05
10.64 0.244411 1.42047e-05
10.65 0.245392 1.43463e-05
10.66 0.246375 1.44892e-05
10.67 0.24736 1.46334e-05
10.68 0.248348 1.47788e-05
10.69 0.249337 1.49256e-05
10.7 0.250329 1.50737e-05
10.71 0.251323 1.52231e-05
10.72 0.252319 1.53738e-05
10.73 0.253317 1.55259e-05
10.74 0.254317 1.56793e-05
10.75 0.25532 1.58341e-05
10.76 0.256324 1.59902e-05
10.77 0.257331 1.61478e-05
10.78 0.258339 1.63067e-05
10.79 0.25935 1.64671e-05
10.8 0.260362 1.66288e-05
10.81 0.261377 1.6792e-05
10.82 0.262394 1.69566e-05
10.83 0.263412 1.71227e-05
10.84 0.264433 1.72902e-05
10.85 0.265456 1.74592e-05
10.86 0.26648 1.76297e-05
10.87 0.267507 1.78017e-05
10.88 0.268536 1.79751e-05
10.89 0.269566 1.81501e-05
10.9 0.270599 1.83266e-05
10.91 0.271634 1.85046e-05
10.92 0.27267 1.86842e-05
10.93 0.273709 1.88653e-05
10.94 0.274749 1.9048e-05
10.95 0.275791 1.92323e-05
10.96 0.276835 1.94182e-05
10.97 0.277881 1.96057e-05
10.98 0.278929 1.97947e-05
10.99 0.279979 1.99854e-05
11 0.281031 2.01778e-05
11.01 0.282085 2.03718e-05
11.02 0.28314 2.05674e-05
11.03 0.284197 2.07647e-05
11.04 0.285256 2.09637e-05
11.05 0.286317 2.11644e-05
11.06 0.28738 2.13668e-05
11.07 0.288444 2.1571e-05
11.08 0.289511 2.17768e-05
11.09 0.290579 2.19844e-05
11.1 0.291649 2.21937e-05
11.11 0.29272 2.24049e-05
11.12 0.293794 2.26178e-05
11.13 0.294869 2.28324e-05
11.14 0.295946 2.30489e-05
11.15 0.297024 2.32672e-05
11.16 0.298104 2.34874e-05
11.17 0.299186 2.37093e-05
11.18 0.30027 2.39332e-05
11.19 0.301355 2.41588e-05
11.2 0.302442 2.43864e-05
11.21 0.303531 2.46159e-05
11.22 0.304621 2.48472e-05
11.23 0.305713 2.50805e-05
11.24 0.306806 2.53157e-05
11.25 0.307902 2.55529e-05
11.26 0.308998 2.5792e-05
11.27 0.310097 2.60331e-05
11.28 0.311196 2.62762e-05
11.29 0.312298 2.65212e-05
11.3 0.313401 2.67683e-05
11.31 0.314505 2.70174e-05
11.32 0.315612 2.72685e-05
11.33 0.316719 2.75217e-05
11.34 0.317828 2.77769e-05
11.35 0.318939 2.80343e-05
11.36 0.320051 2.82937e-05
11.37 0.321165 2.85552e-05
11.38 0.32228 2.88188e-05
11.39 0.323396 2.90846e-05
11.4 0.324514 2.93525e-05
11.41 0.325633 2.96225e-05
11.42 0.326754 2.98947e-05
11.43 0.327876 3.01692e-05
11.44 0.329 3.04458e-05
11.45 0.330125 3.07246e-05
11.46 0.331251 3.10057e-05
11.47 0.332379 3.1289e-05
11.48 0.333508 3.15746e-05
11.49 0.334638 3.18624e-05
11.5 0.33577 3.21525e-05
11.51 0.336903 3.24449e-05
11.52 0.338037 3.27397e-05
11.53 0.339173 3.30367e-05
11.54 0.34031 3.33361e-05
11.55 0.341448 3.36379e-05
11.56 0.342587 3.3942e-05
11.57 0.343728 3.42486e-05
11.58 0.34487 3.45575e-05
11.59 0.346013 3.48689e-05
11.6 0.347157 3.51826e-05
11.61 0.348302 3.54989e-05
11.62 0.349449 3.58176e-05
11.63 0.350597 3.61387e-05
11.64 0.351746 3.64624e-05
11.65 0.352896 3.67886e-05
11.66 0.354047 3.71173e-05
11.67 0.355199 3.74485e-05
11.68 0.356353 3.77823e-05
11.69 0.357507 3.81186e-05
11.7 0.358663 3.84576e-05
11.71 0.359819 3.87991e-05
11.72 0.360977 3.91433e-05
11.73 0.362136 3.94901e-05
11.74 0.363296 3.98395e-05
11.75 0.364457 4.01916e-05
11.76 0.365618 4.05464e-05
11.77 0.366781 4.09039e-05
11.78 0.367945 4.1264e-05
11.79 0.36911 4.1627e-05
11.8 0.370275 4.19926e-05
11.81 0.371442 4.2361e-05
11.82 0.372609 4.27322e-05
11.83 0.373778 4.31062e-05
11.84 0.374947 4.3483e-05
11.85 0.376118 4.38626e-05
11.86 0.377289 4.4245e-05
11.87 0.378461 4.46303e-05
11.88 0.379634 4.50185e-05
11.89 0.380807 4.54096e-05
11.9 0.381982 4.58035e-05
11.91 0.383157 4.62004e-05
11.92 0.384333 4.66002e-05
11.93 0.38551 4.7003e-05
11.94 0.386688 4.74088e-05
11.95 0.387866 4.78175e-05
11.96 0.389046 4.82292e-05
11.97 0.390226 4.8644e-05
11.98 0.391406 4.90618e-05
11.99 0.392588 4.94827e-05
12 0.39377 4.99066e-05
12.01 0.394953 5.03336e-05
12.02 0.396136 5.07638e-05
12.03 0.39732 5.1197e-05
12.04 0.398505 5.16334e-05
12.05 0.39969 5.2073e-05
12.06 0.400876 5.25157e-05
12.07 0.402063 5.29616e-05
12.08 0.40325 5.34107e-05
12.09 0.404438 5.38631e-05
12.1 0.405627 5.43187e-05
12.11 0.406816 5.47776e-05
12.12 0.408005 5.52397e-05
12.13 0.409195 5.57052e-05
12.14 0.410386 5.61739e-05
12.15 0.411577 5.6646e-05
12.16 0.412768 5.71214e-05
12.17 0.41396 5.76002e-05
12.18 0.415153 5.80824e-05
12.19 0.416346 5.8568e-05
12.2 0.41754 5.90571e-05
12.21 0.418733 5.95495e-05
12.22 0.419928 6.00454e-05
12.23 0.421122 6.05448e-05
12.24 0.422318 6.10477e-05
12.25 0.423513 6.15541e-05
12.26 0.424709 6.20641e-05
12.27 0.425905 6.25775e-05
12.28 0.427102 6.30946e-05
12.29 0.428299 6.36152e-05
12.3 0.429496 6.41394e-05
12.31 0.430694 6.46673e-05
12.32 0.431892 6.51988e-05
12.33 0.43309 6.57339e-05
12.34 0.434288 6.62728e-05
12.35 0.435487 6.68153e-05
12.36 0.436686 6.73615e-05
12.37 0.437885 6.79115e-05
12.38 0.439084 6.84652e-05
12.39 0.440284 6.90227e-05
12.4 0.441484 6.9584e-05
12.41 0.442684 7.01491e-05
12.42 0.443884 7.0718e-05
12.43 0.445085 7.12908e-05
12.44 0.446285 7.18674e-05
12.45 0.447486 7.24479e-05
12.46 0.448687 7.30323e-05
12.47 0.449888 7.36206e-05
12.48 0.451089 7.42129e-05
12.49 0.45229 7.48091e-05
12.5 0.453491 7.54093e-05
12.51 0.454692 7.60135e-05
12.52 0.455894 7.66218e-05
12.53 0.457095 7.7234e-05
12.54 0.458296 7.78503e-05
12.55 0.459498 7.84707e-05
12.56 0.460699 7.90952e-05
12.57 0.461901 7.97238e-05
12.58 0.463102 8.03565e-05
12.59 0.464304 8.09934e-05
12.6 0.465505 8.16344e-05
12.61 0.466707 8.22797e-05
12.62 0.467908 8.29291e-05
12.63 0.469109 8.35828e-05
12.64 0.47031 8.42407e-05
12.65 0.471511 8.49029e-05
12.66 0.472712 8.55694e-05
12.67 0.473913 8.62402e-05
12.68 0.475114 8.69153e-05
12.69 0.476315 8.75948e-05
12.7 0.477515 8.82786e-05
12.71 0.478715 8.89668e-05
12.72 0.479916 8.96594e-05
12.73 0.481116 9.03565e-05
12.74 0.482315 9.1058e-05
12.75 0.483515 9.1764e-05
12.76 0.484714 9.24744e-05
12.77 0.485914 9.31894e-05
12.78 0.487113 9.39089e-05
12.79 0.488311 9.46329e-05
12.8 0.48951 9.53615e-05
12.81 0.490708 9.60947e-05
12.82 0.491906 9.68325e-05
12.83 0.493103 9.75749e-05
12.84 0.494301 9.8322e-05
12.85 0.495498 9.90737e-05
12.86 0.496694 9.98301e-05
12.87 0.497891 0.000100591
12.88 0.499087 0.000101357
12.89 0.500283 0.000102128
12.9 0.501478 0.000102903
12.91 0.502673 0.000103683
12.92 0.503867 0.000104468
12.93 0.505062 0.000105258
12.94 0.506255 0.000106053
12.95 0.507449 0.000106852
12.96 0.508642 0.000107657
12.97 0.509834 0.000108466
12.98 0.511027 0.00010928
12.99 0.512218 0.0001101
13 0.513409 0.000110924
13.01 0.5146 0.000111753
13.02 0.51579 0.000112587
13.03 0.51698 0.000113426
13.04 0.51817 0.000114271
13.05 0.519358 0.00011512
13.06 0.520547 0.000115975
13.07 0.521734 0.000116834
13.08 0.522922 0.000117699
13.09 0.524108 0.000118569
13.1 0.525294 0.000119444
13.11 0.52648 0.000120324
13.12 0.527665 0.00012121
13.13 0.528849 0.0001221
13.14 0.530033 0.000122996
13.15 0.531217 0.000123898
13.16 0.532399 0.000124804
13.17 0.533581 0.000125716
13.18 0.534763 0.000126634
13.19 0.535943 0.000127556
13.2 0.537123 0.000128484
13.21 0.538303 0.000129418
13.22 0.539482 0.000130357
13.23 0.54066 0.000131301
13.24 0.541837 0.000132251
13.25 0.543014 0.000133206
13.26 0.54419 0.000134167
13.27 0.545366 0.000135133
13.28 0.54654 0.000136105
13.29 0.547714 0.000137083
13.3 0.548887 0.000138066
13.31 0.55006 0.000139055
13.32 0.551232 0.000140049
13.33 0.552403 0.000141049
13.34 0.553573 0.000142055
13.35 0.554742 0.000143066
13.36 0.555911 0.000144083
13.37 0.557079 0.000145106
13.38 0.558246 0.000146135
13.39 0.559412 0.000147169
13.4 0.560578 0.00014821
13.41 0.561743 0.000149256
13.42 0.562906 0.000150308
13.43 0.564069 0.000151366
13.44 0.565232 0.000152429
13.45 0.566393 0.000153499
13.46 0.567554 0.000154575
13.47 0.568713 0.000155656
13.48 0.569872 0.000156744
13.49 0.57103 0.000157837
13.5 0.572187 0.000158937
13.51 0.573343 0.000160043
13.52 0.574498 0.000161154
13.53 0.575653 0.000162272
13.54 0.576806 0.000163396
13.55 0.577958 0.000164526
13.56 0.57911 0.000165662
13.57 0.580261 0.000166805
13.58 0.58141 0.000167953
13.59 0.582559 0.000169108
13.6 0.583707 0.000170269
13.61 0.584854 0.000171437
13.62 0.586 0.00017261
13.63 0.587144 0.00017379
13.64 0.588288 0.000174976
13.65 0.589431 0.000176169
13.66 0.590573 0.000177368
13.67 0.591714 0.000178573
13.68 0.592854 0.000179785
13.69 0.593993 0.000181003
13.7 0.595131 0.000182228
13.71 0.596268 0.000183459
13.72 0.597404 0.000184697
13.73 0.598538 0.000185941
13.74 0.599672 0.000187191
13.75 0.600805 0.000188449
13.76 0.601936 0.000189713
13.77 0.603067 0.000190983
13.78 0.604197 0.00019226
13.79 0.605325 0.000193544
13.8 0.606452 0.000194834
13.81 0.607579 0.000196131
13.82 0.608704 0.000197435
13.83 0.609828 0.000198746
13.84 0.610951 0.000200063
13.85 0.612073 0.000201387
13.86 0.613193 0.000202718
13.87 0.614313 0.000204056
13.88 0.615431 0.0002054
13.89 0.616549 0.000206752
13.9 0.617665 0.00020811
13.91 0.61878 0.000209475
13.92 0.619894 0.000210847
13.93 0.621007 0.000212226
13.94 0.622118 0.000213612
13.95 0.623229 0.000215005
13.96 0.624338 0.000216406
13.97 0.625446 0.000217813
13.98 0.626553 0.000219227
13.99 0.627659 0.000220648
14 0.628763 0.000222076
14.01 0.629867 0.000223512
14.02 0.630969 0.000224955
14.03 0.63207 0.000226404
14.04 0.633169 0.000227861
14.05 0.634268 0.000229326
14.06 0.635365 0.000230797
14.07 0.636461 0.000232276
14.08 0.637556 0.000233762
14.09 0.63865 0.000235255
14.1 0.639742 0.000236755
14.11 0.640833 0.000238263
14.12 0.641923 0.000239779
14.13 0.643011 0.000241301
14.14 0.644099 0.000242831
14.15 0.645185 0.000244369
14.16 0.646269 0.000245914
14.17 0.647353 0.000247466
14.18 0.648435 0.000249026
14.19 0.649516 0.000250593
14.2 0.650596 0.000252168
14.21 0.651674 0.000253751
14.22 0.652751 0.000255341
14.23 0.653827 0.000256938
14.24 0.654901 0.000258544
14.25 0.655975 0.000260157
14.26 0.657046 0.000261777
14.27 0.658117 0.000263405
14.28 0.659186 0.000265041
14.29 0.660254 0.000266685
14.3 0.66132 0.000268336
14.31 0.662386 0.000269995
14.32 0.66345 0.000271662
14.33 0.664512 0.000273337
14.34 0.665573 0.00027502
14.35 0.666633 0.00027671
14.36 0.667691 0.000278409
14.37 0.668749 0.000280115
14.38 0.669804 0.000281829
14.39 0.670859 0.000283551
14.4 0.671912 0.000285281
14.41 0.672963 0.000287019
14.42 0.674014 0.000288765
14.43 0.675062 0.000290519
14.44 0.67611 0.000292281
14.45 0.677156 0.000294051
14.46 0.678201 0.000295829
14.47 0.679244 0.000297615
14.48 0.680286 0.00029941
14.49 0.681326 0.000301212
14.5 0.682365 0.000303023
14.51 0.683403 0.000304842
14.52 0.684439 0.000306669
14.53 0.685474 0.000308504
14.54 0.686507 0.000310348
14.55 0.687539 0.0003122
14.56 0.68857 0.00031406
14.57 0.689599 0.000315929
14.58 0.690627 0.000317805
14.59 0.691653 0.00031969
14.6 0.692678 0.000321584
14.61 0.693701 0.000323486
14.62 0.694723 0.000325396
14.63 0.695743 0.000327315
14.64 0.696762 0.000329242
14.65 0.69778 0.000331178
14.66 0.698796 0.000333122
14.67 0.69981 0.000335075
14.68 0.700823 0.000337036
14.69 0.701835 0.000339006
14.7 0.702845 0.000340984
14.71 0.703854 0.000342971
14.72 0.704861 0.000344967
14.73 0.705867 0.000346971
14.74 0.706871 0.000348984
14.75 0.707873 0.000351006
14.76 0.708875 0.000353036
14.77 0.709874 0.000355075
14.78 0.710872 0.000357123
14.79 0.711869 0.00035918
14.8 0.712864 0.000361245
14.81 0.713858 0.000363319
14.82 0.71485 0.000365402
14.83 0.71584 0.000367494
14.84 0.71683 0.000369594
14.85 0.717817 0.000371704
14.86 0.718803 0.000373822
14.87 0.719788 0.00037595
14.88 0.72077 0.000378086
14.89 0.721752 0.000380231
14.9 0.722732 0.000382386
14.91 0.72371 0.000384549
14.92 0.724687 0.000386721
14.93 0.725662 0.000388903
14.94 0.726635 0.000391093
14.95 0.727607 0.000393293
14.96 0.728578 0.000395501
14.97 0.729547 0.000397719
14.98 0.730514 0.000399946
14.99 0.73148 0.000402182
15 0.732444 0.000404427
15.01 0.733407 0.000406682
15.02 0.734368 0.000408945
15.03 0.735327 0.000411218
15.04 0.736285 0.0004135
15.05 0.737241 0.000415792
15.06 0.738196 0.000418093
15.07 0.739149 0.000420403
15.08 0.7401 0.000422722
15.09 0.74105 0.000425051
15.1 0.741998 0.000427389
15.11 0.742945 0.000429737
15.12 0.74389 0.000432094
15.13 0.744833 0.00043446
15.14 0.745775 0.000436836
15.15 0.746715 0.000439221
15.16 0.747654 0.000441616
15.17 0.748591 0.00044402
15.18 0.749526 0.000446434
15.19 0.750459 0.000448858
15.2 0.751391 0.000451291
15.21 0.752322 0.000453733
15.22 0.75325 0.000456185
15.23 0.754177 0.000458647
15.24 0.755102 0.000461119
15.25 0.756026 0.0004636
15.26 0.756948 0.000466091
15.27 0.757868 0.000468591
15.28 0.758787 0.000471101
15.29 0.759704 0.000473621
15.3 0.760619 0.000476151
15.31 0.761533 0.00047869
15.32 0.762445 0.00048124
15.33 0.763355 0.000483799
15.34 0.764264 0.000486368
15.35 0.765171 0.000488947
15.36 0.766076 0.000491535
15.37 0.766979 0.000494134
15.38 0.767881 0.000496742
15.39 0.768781 0.000499361
15.4 0.769679 0.000501989
15.41 0.770576 0.000504627
15.42 0.771471 0.000507275
15.43 0.772364 0.000509934
15.44 0.773255 0.000512602
15.45 0.774145 0.00051528
15.46 0.775033 0.000517969
15.47 0.775919 0.000520667
15.48 0.776804 0.000523375
15.49 0.777687 0.000526094
15.5 0.778568 0.000528823
15.51 0.779447 0.000531561
15.52 0.780324 0.00053431
15.53 0.7812 0.00053707
15.54 0.782074 0.000539839
15.55 0.782946 0.000542618
15.56 0.783816 0.000545408
15.57 0.784685 0.000548208
15.58 0.785552 0.000551018
15.59 0.786417 0.000553839
15.6 0.78728 0.00055667
15.61 0.788142 0.000559511
15.62 0.789001 0.000562362
15.63 0.789859 0.000565224
15.64 0.790715 0.000568096
15.65 0.79157 0.000570979
15.66 0.792422 0.000573872
15.67 0.793273 0.000576775
15.68 0.794121 0.000579689
15.69 0.794968 0.000582613
15.7 0.795813 0.000585548
15.71 0.796657 0.000588493
15.72 0.797498 0.000591449
15.73 0.798338 0.000594415
15.74 0.799175 0.000597391
15.75 0.800011 0.000600378
15.76 0.800845 0.000603376
15.77 0.801677 0.000606384
15.78 0.802508 0.000609403
15.79 0.803336 0.000612433
15.8 0.804163 0.000615473
15.81 0.804987 0.000618524
15.82 0.80581 0.000621585
15.83 0.806631 0.000624657
15.84 0.80745 0.00062774
15.85 0.808267 0.000630833
15.86 0.809082 0.000633938
15.87 0.809895 0.000637052
15.88 0.810707 0.000640178
15.89 0.811516 0.000643314
15.9 0.812324 0.000646462
15.91 0.813129 0.000649619
15.92 0.813933 0.000652788
15.93 0.814734 0.000655968
15.94 0.815534 0.000659158
15.95 0.816332 0.000662359
15.96 0.817127 0.000665571
15.97 0.817921 0.000668794
15.98 0.818713 0.000672028
15.99 0.819503 0.000675273
16 0.820291 0.000678529
16.01 0.821077 0.000681795
16.02 0.821861 0.000685073
16.03 0.822642 0.000688361
16.04 0.823422 0.000691661
16.05 0.8242 0.000694971
16.06 0.824976 0.000698293
16.07 0.82575 0.000701625
16.08 0.826522 0.000704969
16.09 0.827291 0.000708323
16.1 0.828059 0.000711689
16.11 0.828825 0.000715065
16.12 0.829588 0.000718453
16.13 0.83035 0.000721852
16.14 0.831109 0.000725262
16.15 0.831867 0.000728683
16.16 0.832622 0.000732115
16.17 0.833375 0.000735559
16.18 0.834126 0.000739013
16.19 0.834875 0.000742479
16.2 0.835622 0.000745956
16.21 0.836367 0.000749444
16.22 0.83711 0.000752943
16.23 0.83785 0.000756454
16.24 0.838589 0.000759975
16.25 0.839325 0.000763508
16.26 0.840059 0.000767052
16.27 0.840791 0.000770608
16.28 0.841521 0.000774175
16.29 0.842249 0.000777753
16.3 0.842974 0.000781342
16.31 0.843697 0.000784943
16.32 0.844418 0.000788555
16.33 0.845137 0.000792178
16.34 0.845854 0.000795813
16.35 0.846568 0.000799459
16.36 0.847281 0.000803116
16.37 0.847991 0.000806785
16.38 0.848698 0.000810465
16.39 0.849404 0.000814157
16.4 0.850107 0.00081786
16.41 0.850808 0.000821575
16.42 0.851507 0.0008253
16.43 0.852203 0.000829038
16.44 0.852898 0.000832787
16.45 0.853589 0.000836547
16.46 0.854279 0.000840318
16.47 0.854966 0.000844102
16.48 0.855651 0.000847896
16.49 0.856334 0.000851702
16.5 0.857014 0.00085552
16.51 0.857692 0.000859349
16.52 0.858368 0.00086319
16.53 0.859041 0.000867042
16.54 0.859712 0.000870906
16.55 0.86038 0.000874781
16.56 0.861046 0.000878668
16.57 0.86171 0.000882567
16.58 0.862371 0.000886477
16.59 0.86303 0.000890399
16.6 0.863686 0.000894332
16.61 0.86434 0.000898277
16.62 0.864992 0.000902233
16.63 0.865641 0.000906201
16.64 0.866287 0.000910181
16.65 0.866931 0.000914172
16.66 0.867573 0.000918175
16.67 0.868212 0.00092219
16.68 0.868849 0.000926216
16.69 0.869483 0.000930254
16.7 0.870115 0.000934304
16.71 0.870744 0.000938365
16.72 0.87137 0.000942438
16.73 0.871994 0.000946522
16.74 0.872615 0.000950619
16.75 0.873234 0.000954727
16.76 0.87385 0.000958846
16.77 0.874464 0.000962978
16.78 0.875075 0.000967121
16.79 0.875683 0.000971276
16.8 0.876289 0.000975442
16.81 0.876892 0.000979621
16.82 0.877492 0.000983811
16.83 0.87809 0.000988012
16.84 0.878685 0.000992226
16.85 0.879277 0.000996451
16.86 0.879867 0.00100069
16.87 0.880454 0.00100494
16.88 0.881038 0.0010092
16.89 0.88162 0.00101347
16.9 0.882198 0.00101775
16.91 0.882774 0.00102205
16.92 0.883347 0.00102636
16.93 0.883918 0.00103068
16.94 0.884485 0.00103501
16.95 0.88505 0.00103935
16.96 0.885612 0.0010437
16.97 0.886171 0.00104807
16.98 0.886727 0.00105245
16.99 0.887281 0.00105684
17 0.887831 0.00106124
17.01 0.888379 0.00106565
17.02 0.888923 0.00107008
17.03 0.889465 0.00107452
17.04 0.890004 0.00107897
17.05 0.89054 0.00108343
17.06 0.891073 0.0010879
17.07 0.891603 0.00109238
17.08 0.89213 0.00109688
17.09 0.892654 0.00110139
17.1 0.893174 0.00110591
17.11 0.893692 0.00111044
17.12 0.894207 0.00111498
17.13 0.894719 0.00111954
17.14 0.895228 0.0011241
17.15 0.895733 0.00112868
17.16 0.896236 0.00113327
17.17 0.896735 0.00113787
17.18 0.897231 0.00114249
17.19 0.897725 0.00114711
17.2 0.898215 0.00115175
17.21 0.898701 0.0011564
17.22 0.899185 0.00116106
17.23 0.899665 0.00116573
17.24 0.900142 0.00117042
17.25 0.900616 0.00117511
17.26 0.901087 0.00117982
17.27 0.901554 0.00118454
17.28 0.902018 0.00118927
17.29 0.902479 0.00119402
17.3 0.902936 0.00119877
17.31 0.90339 0.00120354
17.32 0.903841 0.00120832
17.33 0.904288 0.00121311
17.34 0.904732 0.00121791
17.35 0.905173 0.00122272
17.36 0.90561 0.00122755
17.37 0.906043 0.00123238
17.38 0.906474 0.00123723
17.39 0.9069 0.00124209
17.4 0.907324 0.00124697
17.41 0.907743 0.00125185
17.42 0.908159 0.00125674
17.43 0.908572 0.00126165
17.44 0.908981 0.00126657
17.45 0.909386 0.0012715
17.46 0.909788 0.00127644
17.47 0.910186 0.00128139
17.48 0.910581 0.00128636
17.49 0.910972 0.00129134
17.5 0.911359 0.00129632
17.51 0.911742 0.00130132
17.52 0.912122 0.00130634
17.53 0.912498 0.00131136
17.54 0.91287 0.00131639
17.55 0.913239 0.00132144
17.56 0.913603 0.0013265
17.57 0.913964 0.00133156
17.58 0.914321 0.00133664
17.59 0.914674 0.00134174
17.6 0.915023 0.00134684
17.61 0.915369 0.00135195
17.62 0.91571 0.00135708
17.63 0.916047 0.00136222
17.64 0.916381 0.00136737
17.65 0.91671 0.00137253
17.66 0.917036 0.0013777
17.67 0.917357 0.00138288
17.68 0.917675 0.00138808
17.69 0.917988 0.00139328
17.7 0.918297 0.0013985
17.71 0.918602 0.00140373
17.72 0.918903 0.00140897
17.73 0.9192 0.00141422
17.74 0.919492 0.00141948
17.75 0.919781 0.00142475
17.76 0.920065 0.00143004
17.77 0.920345 0.00143533
17.78 0.92062 0.00144064
17.79 0.920891 0.00144596
17.8 0.921158 0.00145129
17.81 0.921421 0.00145663
17.82 0.921679 0.00146198
17.83 0.921933 0.00146734
17.84 0.922182 0.00147272
17.85 0.922427 0.0014781
17.86 0.922667 0.0014835
17.87 0.922903 0.0014889
17.88 0.923135 0.00149432
17.89 0.923362 0.00149975
17.9 0.923584 0.00150519
17.91 0.923802 0.00151064
17.92 0.924015 0.0015161
17.93 0.924223 0.00152157
17.94 0.924427 0.00152705
17.95 0.924626 0.00153255
17.96 0.92482 0.00153805
17.97 0.92501 0.00154357
17.98 0.925194 0.00154909
17.99 0.925374 0.00155463
18 0.925549 0.00156018
18.01 0.92572 0.00156573
18.02 0.925885 0.0015713
18.03 0.926045 0.00157688
18.04 0.926201 0.00158247
18.05 0.926351 0.00158807
18.06 0.926497 0.00159368
18.07 0.926637 0.0015993
18.08 0.926773 0.00160493
18.09 0.926903 0.00161057
18.1 0.927028 0.00161623
18.11 0.927148 0.00162189
18.12 0.927263 0.00162756
18.13 0.927373 0.00163324
18.14 0.927477 0.00163894
18.15 0.927577 0.00164464
18.16 0.927671 0.00165035
18.17 0.927759 0.00165608
18.18 0.927842 0.00166181
18.19 0.92792 0.00166756
18.2 0.927993 0.00167331
18.21 0.92806 0.00167907
18.22 0.928121 0.00168485
18.23 0.928177 0.00169063
18.24 0.928228 0.00169642
18.25 0.928273 0.00170223
18.26 0.928312 0.00170804
18.27 0.928346 0.00171386
18.28 0.928374 0.00171969
18.29 0.928397 0.00172554
18.3 0.928413 0.00173139
18.31 0.928424 0.00173725
18.32 0.92843 0.00174312
18.33 0.928429 0.001749
18.34 0.928423 0.00175489
18.35 0.92841 0.00176079
18.36 0.928392 0.0017667
18.37 0.928368 0.00177262
18.38 0.928338 0.00177854
18.39 0.928301 0.00178448
18.4 0.928259 0.00179042
18.41 0.928211 0.00179638
18.42 0.928157 0.00180234
18.43 0.928096 0.00180832
18.44 0.928029 0.0018143
18.45 0.927956 0.00182029
18.46 0.927877 0.00182629
18.47 0.927792 0.0018323
18.48 0.9277 0.00183831
18.49 0.927602 0.00184434
18.5 0.927497 0.00185037
18.51 0.927386 0.00185642
18.52 0.927269 0.00186247
18.53 0.927145 0.00186853
18.54 0.927015 0.0018746
18.55 0.926878 0.00188067
18.56 0.926734 0.00188676
18.57 0.926584 0.00189285
18.58 0.926427 0.00189896
18.59 0.926264 0.00190507
18.6 0.926093 0.00191118
18.61 0.925916 0.00191731
18.62 0.925732 0.00192344
18.63 0.925542 0.00192959
18.64 0.925344 0.00193574
18.65 0.92514 0.00194189
18.66 0.924928 0.00194806
18.67 0.92471 0.00195423
18.68 0.924484 0.00196041
18.69 0.924252 0.0019666
18.7 0.924012 0.0019728
18.71 0.923765 0.001979
18.72 0.923511 0.00198521
18.73 0.92325 0.00199143
18.74 0.922981 0.00199766
18.75 0.922706 0.00200389
18.76 0.922423 0.00201013
18.77 0.922132 0.00201638
18.78 0.921834 0.00202263
18.79 0.921529 0.00202889
18.8 0.921216 0.00203516
18.81 0.920896 0.00204143
18.82 0.920568 0.00204771
18.83 0.920232 0.002054
18.84 0.919889 0.00206029
18.85 0.919538 0.00206659
18.86 0.91918 0.0020729
18.87 0.918813 0.00207921
18.88 0.918439 0.00208553
18.89 0.918057 0.00209186
18.9 0.917667 0.00209819
18.91 0.91727 0.00210452
18.92 0.916864 0.00211087
18.93 0.91645 0.00211722
18.94 0.916029 0.00212357
18.95 0.915599 0.00212993
18.96 0.915161 0.0021363
18.97 0.914715 0.00214267
18.98 0.914261 0.00214904
18.99 0.913798 0.00215543
19 0.913328 0.00216181
19.01 0.912849 0.00216821
19.02 0.912361 0.0021746
19.03 0.911866 0.00218101
19.04 0.911361 0.00218741
19.05 0.910849 0.00219382
19.06 0.910328 0.00220024
19.07 0.909798 0.00220666
19.08 0.90926 0.00221309
19.09 0.908713 0.00221952
19.1 0.908157 0.00222595
19.11 0.907593 0.00223239
19.12 0.90702 0.00223883
19.13 0.906439 0.00224528
19.14 0.905848 0.00225173
19.15 0.905249 0.00225818
19.16 0.90464 0.00226464
19.17 0.904023 0.0022711
19.18 0.903397 0.00227757
19.19 0.902762 0.00228404
19.2 0.902118 0.00229051
19.21 0.901464 0.00229698
19.22 0.900802 0.00230346
19.23 0.900131 0.00230994
19.24 0.89945 0.00231643
19.25 0.89876 0.00232291
19.26 0.898061 0.0023294
19.27 0.897352 0.00233589
19.28 0.896634 0.00234239
19.29 0.895907 0.00234888
19.3 0.89517 0.00235538
19.31 0.894424 0.00236188
19.32 0.893668 0.00236839
19.33 0.892903 0.00237489
19.34 0.892129 0.0023814
19.35 0.891344 0.0023879
19.36 0.89055 0.00239441
19.37 0.889747 0.00240093
19.38 0.888933 0.00240744
19.39 0.88811 0.00241395
19.4 0.887278 0.00242047
19.41 0.886435 0.00242698
19.42 0.885583 0.0024335
19.43 0.88472 0.00244001
19.44 0.883848 0.00244653
19.45 0.882966 0.00245305
19.46 0.882074 0.00245957
19.47 0.881172 0.00246608
19.48 0.88026 0.0024726
19.49 0.879338 0.00247912
19.5 0.878406 0.00248564
19.51 0.877464 0.00249216
19.52 0.876511 0.00249867
19.53 0.875549 0.00250519
19.54 0.874576 0.0025117
19.55 0.873593 0.00251822
19.56 0.8726 0.00252473
19.57 0.871596 0.00253124
19.58 0.870582 0.00253776
19.59 0.869558 0.00254427
19.6 0.868524 0.00255077
19.61 0.867479 0.00255728
19.62 0.866423 0.00256378
19.63 0.865358 0.00257029
19.64 0.864282 0.00257679
19.65 0.863195 0.00258328
19.66 0.862098 0.00258978
19.67 0.860991 0.00259627
19.68 0.859872 0.00260276
19.69 0.858744 0.00260925
19.7 0.857605 0.00261573
19.71 0.856455 0.00262221
19.72 0.855295 0.00262869
19.73 0.854124 0.00263516
19.74 0.852942 0.00264164
19.75 0.85175 0.0026481
19.76 0.850547 0.00265456
19.77 0.849334 0.00266102
19.78 0.84811 0.00266748
19.79 0.846875 0.00267393
19.8 0.84563 0.00268037
19.81 0.844374 0.00268681
19.82 0.843107 0.00269325
19.83 0.841829 0.00269968
19.84 0.840541 0.0027061
19.85 0.839242 0.00271252
19.86 0.837933 0.00271893
19.87 0.836612 0.00272534
19.88 0.835281 0.00273174
19.89 0.83394 0.00273814
19.9 0.832587 0.00274453
19.91 0.831224 0.00275091
19.92 0.82985 0.00275729
19.93 0.828466 0.00276366
19.94 0.827071 0.00277002
19.95 0.825665 0.00277638
19.96 0.824249 0.00278272
19.97 0.822822 0.00278907
19.98 0.821384 0.0027954
19.99 0.819936 0.00280172
20 0.818477 0.00280804
20.01 0.817008 0.00281435
20.02 0.815528 0.00282065
20.03 0.814038 0.00282694
20.04 0.812537 0.00283323
20.05 0.811025 0.0028395
20.06 0.809504 0.00284577
20.07 0.807972 0.00285202
20.08 0.806429 0.00285827
20.09 0.804876 0.0028645
20.1 0.803313 0.00287073
20.11 0.80174 0.00287695
20.12 0.800156 0.00288316
20.13 0.798562 0.00288935
20.14 0.796958 0.00289554
20.15 0.795344 0.00290171
20.16 0.79372 0.00290788
20.17 0.792086 0.00291403
20.18 0.790442 0.00292017
20.19 0.788789 0.0029263
20.2 0.787125 0.00293242
20.21 0.785452 0.00293852
20.22 0.783769 0.00294462
20.23 0.782076 0.0029507
20.24 0.780374 0.00295676
20.25 0.778662 0.00296282
20.26 0.776941 0.00296886
20.27 0.775211 0.00297489
20.28 0.773471 0.00298091
20.29 0.771722 0.00298691
20.3 0.769964 0.0029929
20.31 0.768197 0.00299888
20.32 0.766421 0.00300484
20.33 0.764637 0.00301078
20.34 0.762843 0.00301671
20.35 0.761041 0.00302263
20.36 0.759231 0.00302853
20.37 0.757412 0.00303442
20.38 0.755585 0.00304029
20.39 0.753749 0.00304614
20.4 0.751906 0.00305198
20.41 0.750055 0.00305781
20.42 0.748195 0.00306361
20.43 0.746329 0.0030694
20.44 0.744454 0.00307518
20.45 0.742572 0.00308093
20.46 0.740683 0.00308667
20.47 0.738787 0.0030924
20.48 0.736884 0.0030981
20.49 0.734973 0.00310379
20.5 0.733057 0.00310946
20.51 0.731133 0.00311511
20.52 0.729203 0.00312074
20.53 0.727268 0.00312635
20.54 0.725326 0.00313195
20.55 0.723378 0.00313752
20.56 0.721424 0.00314308
20.57 0.719465 0.00314862
20.58 0.717501 0.00315413
20.59 0.715531 0.00315963
20.6 0.713557 0.00316511
20.61 0.711578 0.00317056
20.62 0.709594 0.003176
20.63 0.707606 0.00318141
20.64 0.705614 0.00318681
20.65 0.703619 0.00319218
20.66 0.701619 0.00319753
20.67 0.699616 0.00320286
20.68 0.69761 0.00320817
20.69 0.695601 0.00321345
20.7 0.69359 0.00321871
20.71 0.691576 0.00322395
20.72 0.689559 0.00322917
20.73 0.687541 0.00323437
20.74 0.685521 0.00323954
20.75 0.6835 0.00324468
20.76 0.681478 0.00324981
20.77 0.679455 0.00325491
20.78 0.677432 0.00325998
20.79 0.675408 0.00326503
20.8 0.673385 0.00327006
20.81 0.671361 0.00327506
20.82 0.669339 0.00328004
20.83 0.667318 0.00328499
20.84 0.665298 0.00328991
20.85 0.663279 0.00329481
20.86 0.661263 0.00329969
20.87 0.659249 0.00330454
20.88 0.657238 0.00330936
20.89 0.65523 0.00331415
20.9 0.653226 0.00331892
20.91 0.651225 0.00332366
20.92 0.649229 0.00332838
20.93 0.647237 0.00333306
20.94 0.64525 0.00333772
20.95 0.643269 0.00334235
20.96 0.641293 0.00334695
20.97 0.639324 0.00335153
20.98 0.637361 0.00335607
20.99 0.635405 0.00336059
21 0.633457 0.00336508
21.01 0.631516 0.00336953
21.02 0.629584 0.00337396
21.03 0.627661 0.00337836
21.04 0.625747 0.00338273
21.05 0.623843 0.00338707
21.06 0.621949 0.00339138
21.07 0.620065 0.00339566
21.08 0.618193 0.00339991
21.09 0.616332 0.00340412
21.1 0.614483 0.00340831
21.11 0.612647 0.00341246
21.12 0.610824 0.00341659
21.13 0.609015 0.00342068
21.14 0.60722 0.00342474
21.15 0.605439 0.00342876
21.16 0.603674 0.00343276
21.17 0.601924 0.00343672
21.18 0.60019 0.00344065
21.19 0.598474 0.00344455
21.2 0.596774 0.00344841
21.21 0.595093 0.00345224
21.22 0.593429 0.00345604
21.23 0.591785 0.0034598
21.24 0.590161 0.00346353
21.25 0.588556 0.00346722
21.26 0.586972 0.00347088
21.27 0.58541 0.00347451
21.28 0.583869 0.0034781
21.29 0.582351 0.00348165
21.3 0.580855 0.00348517
21.31 0.579383 0.00348866
21.32 0.577936 0.00349211
21.33 0.576513 0.00349552
21.34 0.575115 0.0034989
21.35 0.573744 0.00350224
21.36 0.572398 0.00350555
21.37 0.57108 0.00350882
21.38 0.56979 0.00351205
21.39 0.568528 0.00351525
21.4 0.567295 0.00351841
21.41 0.566091 0.00352153
21.42 0.564917 0.00352462
21.43 0.563774 0.00352766
21.44 0.562663 0.00353067
21.45 0.561583 0.00353365
21.46 0.560535 0.00353658
21.47 0.55952 0.00353948
21.48 0.558539 0.00354233
21.49 0.557592 0.00354515
21.5 0.55668 0.00354793
21.51 0.555802 0.00355068
21.52 0.554961 0.00355338
21.53 0.554156 0.00355605
21.54 0.553387 0.00355867
21.55 0.552656 0.00356126
21.56 0.551963 0.0035638
21.57 0.551308 0.00356631
21.58 0.550692 0.00356878
21.59 0.550115 0.0035712
21.6 0.549578 0.00357359
21.61 0.549081 0.00357594
21.62 0.548625 0.00357825
21.63 0.548211 0.00358051
21.64 0.547837 0.00358274
21.65 0.547506 0.00358492
21.66 0.547218 0.00358707
21.67 0.546972 0.00358917
21.68 0.546769 0.00359123
21.69 0.54661 0.00359325
21.7 0.546495 0.00359523
21.71 0.546424 0.00359717
21.72 0.546398 0.00359907
21.73 0.546416 0.00360092
21.74 0.54648 0.00360274
21.75 0.546589 0.00360451
21.76 0.546744 0.00360624
21.77 0.546945 0.00360793
21.78 0.547192 0.00360957
21.79 0.547486 0.00361117
21.8 0.547825 0.00361273
21.81 0.548212 0.00361425
21.82 0.548646 0.00361573
21.83 0.549126 0.00361716
21.84 0.549654 0.00361855
21.85 0.550228 0.0036199
21.86 0.55085 0.0036212
21.87 0.55152 0.00362247
21.88 0.552237 0.00362369
21.89 0.553001 0.00362486
21.9 0.553813 0.00362599
21.91 0.554672 0.00362708
21.92 0.555578 0.00362813
21.93 0.556532 0.00362913
21.94 0.557533 0.00363009
21.95 0.558581 0.00363101
21.96 0.559676 0.00363188
21.97 0.560818 0.00363271
21.98 0.562007 0.00363349
21.99 0.563242 0.00363423
22 0.564524 0.00363493
22.01 0.565853 0.00363558
22.02 0.567227 0.00363619
22.03 0.568647 0.00363676
22.04 0.570113 0.00363728
22.05 0.571625 0.00363776
22.06 0.573181 0.00363819
22.07 0.574783 0.00363858
22.08 0.576429 0.00363893
22.09 0.578119 0.00363923
22.1 0.579853 0.00363949
22.11 0.581631 0.0036397
22.12 0.583452 0.00363987
22.13 0.585316 0.00364
22.14 0.587223 0.00364008
22.15 0.589172 0.00364012
22.16 0.591163 0.00364011
22.17 0.593195 0.00364006
22.18 0.595268 0.00363997
22.19 0.597382 0.00363983
22.2 0.599537 0.00363964
22.21 0.601731 0.00363942
22.22 0.603964 0.00363914
22.23 0.606237 0.00363883
22.24 0.608547 0.00363847
22.25 0.610896 0.00363806
22.26 0.613283 0.00363762
22.27 0.615706 0.00363712
22.28 0.618167 0.00363659
22.29 0.620663 0.00363601
22.3 0.623195 0.00363538
22.31 0.625763 0.00363472
22.32 0.628365 0.00363401
22.33 0.631002 0.00363325
22.34 0.633672 0.00363245
22.35 0.636375 0.00363161
22.36 0.639112 0.00363072
22.37 0.641881 0.00362979
22.38 0.644681 0.00362881
22.39 0.647513 0.0036278
22.4 0.650376 0.00362674
22.41 0.653269 0.00362563
22.42 0.656191 0.00362448
22.43 0.659144 0.00362329
22.44 0.662125 0.00362206
22.45 0.665134 0.00362078
22.46 0.668171 0.00361946
22.47 0.671236 0.00361809
22.48 0.674328 0.00361669
22.49 0.677446 0.00361523
22.5 0.680589 0.00361374
22.51 0.683759 0.00361221
22.52 0.686953 0.00361063
22.53 0.690172 0.00360901
22.54 0.693414 0.00360734
22.55 0.696681 0.00360564
22.56 0.69997 0.00360389
22.57 0.703282 0.0036021
22.58 0.706616 0.00360026
22.59 0.709971 0.00359839
22.6 0.713348 0.00359647
22.61 0.716745 0.00359451
22.62 0.720163 0.00359251
22.63 0.723601 0.00359047
22.64 0.727058 0.00358839
22.65 0.730534 0.00358626
22.66 0.734029 0.00358409
22.67 0.737541 0.00358189
22.68 0.741072 0.00357964
22.69 0.74462 0.00357735
22.7 0.748184 0.00357502
22.71 0.751765 0.00357265
22.72 0.755362 0.00357023
22.73 0.758974 0.00356778
22.74 0.762602 0.00356529
22.75 0.766245 0.00356276
22.76 0.769902 0.00356018
22.77 0.773573 0.00355757
22.78 0.777258 0.00355492
22.79 0.780956 0.00355222
22.8 0.784667 0.00354949
22.81 0.78839 0.00354672
22.82 0.792126 0.00354391
22.83 0.795873 0.00354106
22.84 0.799632 0.00353817
22.85 0.803402 0.00353524
22.86 0.807183 0.00353228
22.87 0.810975 0.00352927
22.88 0.814776 0.00352623
22.89 0.818587 0.00352315
22.9 0.822408 0.00352003
22.91 0.826238 0.00351687
22.92 0.830076 0.00351368
22.93 0.833924 0.00351044
22.94 0.837779 0.00350717
22.95 0.841642 0.00350387
22.96 0.845513 0.00350052
22.97 0.849391 0.00349714
22.98 0.853276 0.00349372
22.99 0.857168 0.00349027
23 0.861067 0.00348678
23.01 0.864971 0.00348325
23.02 0.868882 0.00347969
23.03 0.872798 0.00347609
23.04 0.876719 0.00347245
23.05 0.880645 0.00346878
23.06 0.884577 0.00346508
23.07 0.888513 0.00346134
23.08 0.892453 0.00345756
23.09 0.896397 0.00345375
23.1 0.900346 0.00344991
23.11 0.904298 0.00344603
23.12 0.908253 0.00344211
23.13 0.912211 0.00343816
23.14 0.916173 0.00343418
23.15 0.920137 0.00343017
23.16 0.924104 0.00342612
23.17 0.928073 0.00342204
23.18 0.932044 0.00341792
23.19 0.936017 0.00341377
23.2 0.939991 0.00340959
23.21 0.943967 0.00340538
23.22 0.947945 0.00340113
23.23 0.951923 0.00339686
23.24 0.955903 0.00339255
23.25 0.959883 0.0033882
23.26 0.963863 0.00338383
23.27 0.967844 0.00337943
23.28 0.971826 0.00337499
23.29 0.975807 0.00337053
23.3 0.979788 0.00336603
23.31 0.983769 0.0033615
23.32 0.987749 0.00335695
23.33 0.991728 0.00335236
23.34 0.995707 0.00334774
23.35 0.999685 0.00334309
23.36 1.00366 0.00333842
23.37 1.00764 0.00333371
23.38 1.01161 0.00332898
23.39 1.01558 0.00332422
23.4 1.01956 0.00331942
23.41 1.02352 0.0033146
23.42 1.02749 0.00330976
23.43 1.03146 0.00330488
23.44 1.03542 0.00329998
23.45 1.03938 0.00329505
23.46 1.04334 0.00329009
23.47 1.04729 0.0032851
23.48 1.05125 0.00328009
23.49 1.0552 0.00327505
23.5 1.05914 0.00326999
23.51 1.06309 0.00326489
23.52 1.06703 0.00325978
23.53 1.07097 0.00325463
23.54 1.0749 0.00324947
23.55 1.07883 0.00324427
23.56 1.08276 0.00323905
23.57 1.08668 0.00323381
23.58 1.0906 0.00322854
23.59 1.09452 0.00322325
23.6 1.09843 0.00321793
23.61 1.10234 0.00321259
23.62 1.10624 0.00320723
23.63 1.11014 0.00320184
23.64 1.11404 0.00319643
23.65 1.11793 0.003191
23.66 1.12182 0.00318554
23.67 1.1257 0.00318006
23.68 1.12958 0.00317456
23.69 1.13345 0.00316904
23.7 1.13732 0.00316349
23.71 1.14118 0.00315792
23.72 1.14504 0.00315234
23.73 1.14889 0.00314673
23.74 1.15274 0.0031411
23.75 1.15659 0.00313545
23.76 1.16043 0.00312977
23.77 1.16426 0.00312408
23.78 1.16809 0.00311837
23.79 1.17191 0.00311264
23.8 1.17573 0.00310689
23.81 1.17954 0.00310112
23.82 1.18335 0.00309533
23.83 1.18715 0.00308952
23.84 1.19094 0.0030837
23.85 1.19473 0.00307785
23.86 1.19852 0.00307199
23.87 1.2023 0.00306611
23.88 1.20607 0.00306021
23.89 1.20984 0.00305429
23.9 1.2136 0.00304836
23.91 1.21735 0.00304241
23.92 1.2211 0.00303644
23.93 1.22484 0.00303046
23.94 1.22858 0.00302446
23.95 1.23231 0.00301844
23.96 1.23604 0.00301241
23.97 1.23976 0.00300637
23.98 1.24347 0.0030003
23.99 1.24718 0.00299423
24 1.25088 0.00298813
24.01 1.25457 0.00298203
24.02 1.25826 0.00297591
24.03 1.26195 0.00296977
24.04 1.26562 0.00296362
24.05 1.26929 0.00295746
24.06 1.27295 0.00295128
24.07 1.27661 0.0029451
24.08 1.28026 0.00293889
24.09 1.28391 0.00293268
24.1 1.28754 0.00292645
24.11 1.29117 0.00292021
24.12 1.2948 0.00291396
24.13 1.29842 0.0029077
24.14 1.30203 0.00290142
24.15 1.30563 0.00289514
24.16 1.30923 0.00288884
24.17 1.31282 0.00288253
24.18 1.31641 0.00287621
24.19 1.31999 0.00286988
24.2 1.32356 0.00286354
24.21 1.32713 0.0028572
24.22 1.33069 0.00285084
24.23 1.33424 0.00284447
24.24 1.33778 0.00283809
24.25 1.34132 0.0028317
24.26 1.34486 0.00282531
24.27 1.34838 0.00281891
24.28 1.3519 0.00281249
24.29 1.35541 0.00280608
24.3 1.35892 0.00279965
24.31 1.36242 0.00279321
24.32 1.36591 0.00278677
24.33 1.3694 0.00278032
24.34 1.37288 0.00277386
24.35 1.37635 0.0027674
24.36 1.37982 0.00276093
24.37 1.38327 0.00275446
24.38 1.38673 0.00274798
24.39 1.39017 0.00274149
24.4 1.39361 0.002735
24.41 1.39704 0.0027285
24.42 1.40047 0.002722
24.43 1.40389 0.00271549
24.44 1.4073 0.00270898
24.45 1.4107 0.00270246
24.46 1.4141 0.00269594
24.47 1.41749 0.00268941
24.48 1.42088 0.00268289
24.49 1.42426 0.00267636
24.5 1.42763 0.00266982
24.51 1.431 0.00266328
24.52 1.43435 0.00265674
24.53 1.4377 0.0026502
24.54 1.44105 0.00264366
24.55 1.44439 0.00263711
24.56 1.44772 0.00263056
24.57 1.45104 0.00262401
24.58 1.45436 0.00261746
24.59 1.45767 0.00261091
24.6 1.46098 0.00260435
24.61 1.46428 0.0025978
24.62 1.46757 0.00259125
24.63 1.47085 0.00258469
24.64 1.47413 0.00257814
24.65 1.4774 0.00257158
24.66 1.48067 0.00256503
24.67 1.48393 0.00255847
24.68 1.48718 0.00255192
24.69 1.49042 0.00254537
24.7 1.49366 0.00253882
24.71 1.49689 0.00253227
24.72 1.50012 0.00252573
24.73 1.50333 0.00251918
24.74 1.50655 0.00251264
24.75 1.50975 0.0025061
24.76 1.51295 0.00249957
24.77 1.51614 0.00249303
24.78 1.51933 0.0024865
24.79 1.52251 0.00247998
24.8 1.52568 0.00247345
24.81 1.52884 0.00246693
24.82 1.532 0.00246042
24.83 1.53516 0.00245391
24.84 1.5383 0.0024474
24.85 1.54144 0.0024409
24.86 1.54457 0.0024344
24.87 1.5477 0.00242791
24.88 1.55082 0.00242142
24.89 1.55393 0.00241494
24.9 1.55704 0.00240847
24.91 1.56014 0.002402
24.92 1.56324 0.00239554
24.93 1.56632 0.00238908
24.94 1.5694 0.00238263
24.95 1.57248 0.00237619
24.96 1.57555 0.00236976
24.97 1.57861 0.00236333
24.98 1.58166 0.00235691
24.99 1.58471 0.0023505
25 1.58775 0.00234409
25.01 1.59079 0.0023377
25.02 1.59382 0.00233131
25.03 1.59684 0.00232493
25.04 1.59986 0.00231856
25.05 1.60287 0.0023122
25.06 1.60587 0.00230585
25.07 1.60887 0.00229951
25.08 1.61186 0.00229317
25.09 1.61484 0.00228685
25.1 1.61782 0.00228054
25.11 1.62079 0.00227424
25.12 1.62375 0.00226795
25.13 1.62671 0.00226167
25.14 1.62966 0.0022554
25.15 1.63261 0.00224914
25.16 1.63554 0.0022429
25.17 1.63848 0.00223666
25.18 1.6414 0.00223044
25.19 1.64432 0.00222423
25.2 1.64723 0.00221803
25.21 1.65014 0.00221184
25.22 1.65304 0.00220567
25.23 1.65593 0.00219951
25.24 1.65882 0.00219336
25.25 1.66169 0.00218723
25.26 1.66457 0.00218111
25.27 1.66743 0.00217501
25.28 1.67029 0.00216891
25.29 1.67315 0.00216284
25.3 1.67599 0.00215677
25.31 1.67883 0.00215072
25.32 1.68167 0.00214469
25.33 1.68449 0.00213867
25.34 1.68731 0.00213267
25.35 1.69012 0.00212668
25.36 1.69293 0.00212071
25.37 1.69573 0.00211475
25.38 1.69852 0.00210881
25.39 1.70131 0.00210289
25.4 1.70408 0.00209698
25.41 1.70686 0.00209109
25.42 1.70962 0.00208522
25.43 1.71238 0.00207936
25.44 1.71513 0.00207352
25.45 1.71787 0.0020677
25.46 1.72061 0.0020619
25.47 1.72334 0.00205611
25.48 1.72606 0.00205034
25.49 1.72878 0.00204459
25.5 1.73148 0.00203886
25.51 1.73418 0.00203315
25.52 1.73688 0.00202746
25.53 1.73956 0.00202178
25.54 1.74224 0.00201613
25.55 1.74491 0.00201049
25.56 1.74757 0.00200488
25.57 1.75023 0.00199928
25.58 1.75288 0.00199371
25.59 1.75552 0.00198816
25.6 1.75815 0.00198262
25.61 1.76077 0.00197711
25.62 1.76339 0.00197162
25.63 1.766 0.00196615
25.64 1.7686 0.0019607
25.65 1.77119 0.00195527
25.66 1.77377 0.00194987
25.67 1.77634 0.00194448
25.68 1.77891 0.00193912
25.69 1.78147 0.00193378
25.7 1.78402 0.00192847
25.71 1.78656 0.00192317
25.72 1.78909 0.0019179
25.73 1.79161 0.00191266
25.74 1.79412 0.00190743
25.75 1.79663 0.00190223
25.76 1.79912 0.00189706
25.77 1.8016 0.0018919
25.78 1.80408 0.00188678
25.79 1.80654 0.00188167
25.8 1.809 0.00187659
25.81 1.81144 0.00187154
25.82 1.81388 0.00186651
25.83 1.8163 0.00186151
25.84 1.81871 0.00185653
25.85 1.82112 0.00185158
25.86 1.82351 0.00184665
25.87 1.82589 0.00184175
25.88 1.82826 0.00183688
25.89 1.83062 0.00183203
25.9 1.83296 0.00182721
25.91 1.8353 0.00182241
25.92 1.83762 0.00181764
25.93 1.83993 0.0018129
25.94 1.84222 0.00180819
25.95 1.84451 0.00180351
25.96 1.84678 0.00179885
25.97 1.84903 0.00179422
25.98 1.85128 0.00178962
25.99 1.85351 0.00178505
26 1.85572 0.0017805
26.01 1.85792 0.00177599
26.02 1.86011 0.0017715
26.03 1.86228 0.00176704
26.04 1.86443 0.00176261
26.05 1.86657 0.00175821
26.06 1.86869 0.00175385
26.07 1.8708 0.00174951
26.08 1.87289 0.0017452
26.09 1.87496 0.00174092
26.1 1.87702 0.00173667
26.11 1.87905 0.00173245
26.12 1.88107 0.00172827
26.13 1.88307 0.00172411
26.14 1.88505 0.00171999
26.15 1.88701 0.0017159
26.16 1.88894 0.00171183
26.17 1.89086 0.0017078
26.18 1.89276 0.00170381
26.19 1.89463 0.00169984
26.2 1.89648 0.00169591
26.21 1.89831 0.00169201
26.22 1.90012 0.00168814
26.23 1.9019 0.00168431
26.24 1.90365 0.00168051
26.25 1.90538 0.00167674
26.26 1.90709 0.001673
26.27 1.90877 0.0016693
26.28 1.91042 0.00166563
26.29 1.91204 0.001662
26.3 1.91363 0.0016584
26.31 1.91519 0.00165484
26.32 1.91673 0.00165131
26.33 1.91823 0.00164781
26.34 1.91969 0.00164435
26.35 1.92113 0.00164093
26.36 1.92253 0.00163754
26.37 1.9239 0.00163418
26.38 1.92523 0.00163086
26.39 1.92652 0.00162758
26.4 1.92778 0.00162433
26.41 1.929 0.00162112
26.42 1.93017 0.00161794
26.43 1.93131 0.0016148
26.44 1.9324 0.0016117
26.45 1.93345 0.00160864
26.46 1.93446 0.00160561
26.47 1.93542 0.00160261
26.48 1.93634 0.00159966
26.49 1.9372 0.00159674
26.5 1.93802 0.00159386
26.51 1.93878 0.00159102
26.52 1.93949 0.00158822
26.53 1.94015 0.00158545
26.54 1.94076 0.00158272
26.55 1.9413 0.00158003
26.56 1.94179 0.00157738
26.57 1.94222 0.00157476
26.58 1.94259 0.00157219
26.59 1.94289 0.00156965
26.6 1.94313 0.00156715
26.61 1.94331 0.0015647
26.62 1.94341 0.00156228
26.63 1.94344 0.0015599
26.64 1.94341 0.00155755
26.65 1.94329 0.00155525
26.66 1.9431 0.00155299
26.67 1.94284 0.00155077
26.68 1.94249 0.00154858
26.69 1.94206 0.00154644
26.7 1.94155 0.00154434
26.71 1.94095 0.00154227
26.72 1.94026 0.00154025
26.73 1.93947 0.00153827
26.74 1.9386 0.00153632
26.75 1.93763 0.00153442
26.76 1.93656 0.00153256
26.77 1.93539 0.00153073
26.78 1.93411 0.00152895
26.79 1.93273 0.00152721
26.8 1.93124 0.00152551
26.81 1.92964 0.00152385
26.82 1.92792 0.00152223
26.83 1.92609 0.00152065
26.84 1.92414 0.0015191
26.85 1.92206 0.00151761
26.86 1.91986 0.00151615
26.87 1.91753 0.00151473
26.88 1.91507 0.00151335
26.89 1.91247 0.00151201
26.9 1.90974 0.00151071
26.91 1.90686 0.00150945
26.92 1.90384 0.00150823
26.93 1.90068 0.00150706
26.94 1.89736 0.00150592
26.95 1.89389 0.00150482
26.96 1.89027 0.00150376
26.97 1.88648 0.00150274
26.98 1.88253 0.00150176
26.99 1.87842 0.00150082
27 1.87413 0.00149992
27.01 1.86968 0.00149906
27.02 1.86504 0.00149823
27.03 1.86023 0.00149745
27.04 1.85524 0.0014967
27.05 1.85006 0.00149599
27.06 1.8447 0.00149532
27.07 1.83914 0.00149469
27.08 1.83339 0.00149409
27.09 1.82744 0.00149353
27.1 1.82129 0.00149301
27.11 1.81493 0.00149253
27.12 1.80837 0.00149208
27.13 1.80161 0.00149167
27.14 1.79463 0.00149129
27.15 1.78743 0.00149095
27.16 1.78002 0.00149064
27.17 1.7724 0.00149037
27.18 1.76455 0.00149013
27.19 1.75648 0.00148992
27.2 1.74818 0.00148975
27.21 1.73966 0.00148961
27.22 1.73091 0.0014895
27.23 1.72193 0.00148943
27.24 1.71272 0.00148938
27.25 1.70328 0.00148937
27.26 1.6936 0.00148939
27.27 1.68369 0.00148943
27.28 1.67355 0.00148951
27.29 1.66317 0.00148962
27.3 1.65256 0.00148975
27.31 1.64172 0.00148991
27.32 1.63064 0.0014901
27.33 1.61933 0.00149031
27.34 1.60778 0.00149055
27.35 1.59601 0.00149081
27.36 1.58401 0.0014911
27.37 1.57178 0.00149142
27.38 1.55932 0.00149175
27.39 1.54664 0.00149211
27.4 1.53375 0.00149249
27.41 1.52063 0.00149289
27.42 1.5073 0.00149331
27.43 1.49376 0.00149375
27.44 1.48002 0.00149421
27.45 1.46607 0.00149469
27.46 1.45192 0.00149518
27.47 1.43758 0.00149569
27.48 1.42305 0.00149622
27.49 1.40834 0.00149676
27.5 1.39346 0.00149732
27.51 1.3784 0.00149789
27.52 1.36317 0.00149848
27.53 1.34779 0.00149907
27.54 1.33226 0.00149968
27.55 1.31658 0.0015003
27.56 1.30077 0.00150093
27.57 1.28482 0.00150157
27.58 1.26875 0.00150222
27.59 1.25257 0.00150287
27.6 1.23628 0.00150353
27.61 1.2199 0.0015042
27.62 1.20342 0.00150488
27.63 1.18687 0.00150556
27.64 1.17024 0.00150624
27.65 1.15355 0.00150693
27.66 1.1368 0.00150762
27.67 1.12001 0.00150832
27.68 1.10318 0.00150901
27.69 1.08633 0.00150971
27.7 1.06946 0.00151041
27.71 1.05257 0.00151111
27.72 1.03569 0.00151181
27.73 1.01882 0.00151251
27.74 1.00196 0.0015132
27.75 0.985137 0.0015139
27.76 0.968346 0.00151459
27.77 0.9516 0.00151528
27.78 0.934908 0.00151596
27.79 0.918277 0.00151664
27.8 0.901718 0.00151732
27.81 0.885236 0.00151799
27.82 0.868842 0.00151866
27.83 0.852542 0.00151933
27.84 0.836344 0.00151998
27.85 0.820256 0.00152063
27.86 0.804284 0.00152128
27.87 0.788436 0.00152192
27.88 0.772718 0.00152255
27.89 0.757137 0.00152317
27.9 0.741699 0.00152379
27.91 0.72641 0.0015244
27.92 0.711275 0.001525
27.93 0.6963 0.00152559
27.94 0.68149 0.00152618
27.95 0.666849 0.00152675
27.96 0.652382 0.00152732
27.97 0.638093 0.00152788
27.98 0.623987 0.00152843
27.99 0.610065 0.00152897
28 0.596333 0.0015295
28.01 0.582793 0.00153003
28.02 0.569447 0.00153054
28.03 0.556298 0.00153105
28.04 0.543349 0.00153155
28.05 0.5306 0.00153203
28.06 0.518055 0.00153251
28.07 0.505714 0.00153298
28.08 0.493578 0.00153344
28.09 0.481648 0.00153389
28.1 0.469925 0.00153433
28.11 0.458409 0.00153477
28.12 0.447101 0.00153519
28.13 0.436 0.00153561
28.14 0.425106 0.00153601
28.15 0.414419 0.00153641
28.16 0.403938 0.0015368
28.17 0.393662 0.00153718
28.18 0.383591 0.00153755
28.19 0.373723 0.00153791
28.2 0.364057 0.00153827
28.21 0.354591 0.00153861
28.22 0.345324 0.00153895
28.23 0.336255 0.00153928
28.24 0.32738 0.0015396
28.25 0.318699 0.00153992
28.26 0.310209 0.00154022
28.27 0.301909 0.00154052
28.28 0.293795 0.00154082
28.29 0.285866 0.0015411
28.3 0.278119 0.00154138
28.31 0.270552 0.00154165
28.32 0.263161 0.00154191
28.33 0.255946 0.00154217
28.34 0.248902 0.00154242
28.35 0.242028 0.00154266
28.36 0.23532 0.0015429
28.37 0.228776 0.00154313
28.38 0.222392 0.00154335
28.39 0.216167 0.00154357
28.4 0.210097 0.00154378
28.41 0.20418 0.00154399
28.42 0.198413 0.00154419
28.43 0.192792 0.00154439
28.44 0.187315 0.00154458
28.45 0.181979 0.00154476
28.46 0.176782 0.00154494
28.47 0.17172 0.00154512
28.48 0.166791 0.00154529
28.49 0.161992 0.00154545
28.5 0.157319 0.00154561
28.51 0.152772 0.00154577
28.52 0.148345 0.00154592
28.53 0.144038 0.00154607
28.54 0.139847 0.00154621
28.55 0.13577 0.00154635
28.56 0.131803 0.00154648
28.57 0.127945 0.00154661
28.58 0.124193 0.00154674
28.59 0.120544 0.00154686
28.6 0.116997 0.00154698
28.61 0.113547 0.0015471
28.62 0.110194 0.00154721
28.63 0.106934 0.00154732
28.64 0.103766 0.00154743
28.65 0.100687 0.00154753
28.66 0.0976951 0.00154763
28.67 0.0947876 0.00154773
28.68 0.0919627 0.00154782
28.69 0.0892182 0.00154791
28.7 0.086552 0.001548
28.71 0.0839621 0.00154809
28.72 0.0814465 0.00154817
28.73 0.0790033 0.00154825
28.74 0.0766305 0.00154833
28.75 0.0743263 0.00154841
28.76 0.0720889 0.00154848
28.77 0.0699164 0.00154855
28.78 0.0678071 0.00154862
28.79 0.0657593 0.00154869
28.8 0.0637713 0.00154875
28.81 0.0618415 0.00154881
28.82 0.0599683 0.00154888
28.83 0.0581501 0.00154893
28.84 0.0563855 0.00154899
28.85 0.0546728 0.00154905
28.86 0.0530108 0.0015491
28.87 0.0513979 0.00154915
28.88 0.0498328 0.0015492
28.89 0.0483141 0.00154925
28.9 0.0468406 0.0015493
28.91 0.0454109 0.00154935
28.92 0.0440239 0.00154939
28.93 0.0426782 0.00154943
28.94 0.0413727 0.00154948
28.95 0.0401063 0.00154952
28.96 0.0388778 0.00154956
28.97 0.0376862 0.00154959
28.98 0.0365304 0.00154963
28.99 0.0354093 0.00154967
29 0.034322 0.0015497
29.01 0.0332674 0.00154973
29.02 0.0322447 0.00154977
29.03 0.0312528 0.0015498
29.04 0.0302909 0.00154983
29.05 0.0293581 0.00154986
29.06 0.0284535 0.00154989
29.07 0.0275764 0.00154991
29.08 0.0267259 0.00154994
29.09 0.0259012 0.00154997
29.1 0.0251016 0.00154999
29.11 0.0243262 0.00155002
29.12 0.0235745 0.00155004
29.13 0.0228457 0.00155006
29.14 0.0221391 0.00155008
29.15 0.0214541 0.0015501
29.16 0.02079 0.00155013
29.17 0.0201462 0.00155015
29.18 0.019522 0.00155016
29.19 0.018917 0.00155018
29.2 0.0183304 0.0015502
29.21 0.0177619 0.00155022
29.22 0.0172108 0.00155024
29.23 0.0166765 0.00155025
29.24 0.0161587 0.00155027
29.25 0.0156568 0.00155028
29.26 0.0151703 0.0015503
29.27 0.0146987 0.00155031
29.28 0.0142417 0.00155033
29.29 0.0137987 0.00155034
29.3 0.0133693 0.00155035
29.31 0.0129532 0.00155037
29.32 0.0125499 0.00155038
29.33 0.0121591 0.00155039
29.34 0.0117803 0.0015504
29.35 0.0114132 0.00155041
29.36 0.0110574 0.00155042
29.37 0.0107126 0.00155043
29.38 0.0103785 0.00155044
29.39 0.0100547 0.00155045
29.4 0.00974091 0.00155046
29.41 0.00943684 0.00155047
29.42 0.00914217 0.00155048
29.43 0.00885664 0.00155049
29.44 0.00857995 0.0015505
29.45 0.00831183 0.00155051
29.46 0.00805202 0.00155051
29.47 0.00780027 0.00155052
29.48 0.00755633 0.00155053
29.49 0.00731997 0.00155054
29.5 0.00709094 0.00155054
29.51 0.00686902 0.00155055
29.52 0.00665399 0.00155056
29.53 0.00644565 0.00155056
29.54 0.00624378 0.00155057
29.55 0.00604819 0.00155057
29.56 0.00585868 0.00155058
29.57 0.00567507 0.00155059
29.58 0.00549717 0.00155059
29.59 0.00532481 0.0015506
29.6 0.00515782 0.0015506
29.61 0.00499603 0.00155061
29.62 0.00483928 0.00155061
29.63 0.00468741 0.00155061
29.64 0.00454028 0.00155062
29.65 0.00439774 0.00155062
29.66 0.00425964 0.00155063
29.67 0.00412585 0.00155063
29.68 0.00399624 0.00155063
29.69 0.00387067 0.00155064
29.7 0.00374902 0.00155064
29.71 0.00363118 0.00155065
29.72 0.00351701 0.00155065
29.73 0.00340641 0.00155065
29.74 0.00329926 0.00155065
29.75 0.00319547 0.00155066
29.76 0.00309492 0.00155066
29.77 0.00299751 0.00155066
29.78 0.00290316 0.00155067
29.79 0.00281175 0.00155067
29.8 0.00272321 0.00155067
29.81 0.00263743 0.00155067
29.82 0.00255434 0.00155068
29.83 0.00247386 0.00155068
29.84 0.00239589 0.00155068
29.85 0.00232037 0.00155068
29.86 0.00224721 0.00155068
29.87 0.00217635 0.00155069
29.88 0.00210771 0.00155069
29.89 0.00204122 0.00155069
29.9 0.00197682 0.00155069
29.91 0.00191443 0.00155069
29.92 0.001854 0.0015507
29.93 0.00179547 0.0015507
29.94 0.00173878 0.0015507
29.95 0.00168387 0.0015507
29.96 0.00163068 0.0015507
29.97 0.00157916 0.0015507
29.98 0.00152926 0.00155071
29.99 0.00148093 0.00155071
