0 0.0106455 6.60971e-13
0.01 0.010767 2.67415e-12
0.02 0.0108897 6.08576e-12
0.03 0.0110137 1.09432e-11
0.04 0.0111388 1.72949e-11
0.05 0.0112651 2.51907e-11
0.06 0.0113927 3.46814e-11
0.07 0.0115214 4.58192e-11
0.08 0.0116515 5.86574e-11
0.09 0.0117827 7.32506e-11
0.1 0.0119152 8.96548e-11
0.11 0.012049 1.07927e-10
0.12 0.012184 1.28126e-10
0.13 0.0123202 1.50312e-10
0.14 0.0124578 1.74546e-10
0.15 0.0125966 2.00891e-10
0.16 0.0127367 2.2941e-10
0.17 0.0128781 2.6017e-10
0.18 0.0130207 2.93238e-10
0.19 0.0131647 3.28682e-10
0.2 0.0133099 3.66571e-10
0.21 0.0134565 4.06979e-10
0.22 0.0136044 4.49978e-10
0.23 0.0137535 4.95643e-10
0.24 0.013904 5.44051e-10
0.25 0.0140558 5.95279e-10
0.26 0.0142089 6.49407e-10
0.27 0.0143634 7.06518e-10
0.28 0.0145191 7.66693e-10
0.29 0.0146762 8.30019e-10
0.3 0.0148347 8.96582e-10
0.31 0.0149944 9.6647e-10
0.32 0.0151556 1.03977e-09
0.33 0.015318 1.11659e-09
0.34 0.0154818 1.197e-09
0.35 0.0156469 1.28111e-09
0.36 0.0158134 1.36902e-09
0.37 0.0159812 1.46083e-09
0.38 0.0161504 1.55663e-09
0.39 0.0163209 1.65654e-09
0.4 0.0164927 1.76065e-09
0.41 0.0166659 1.86908e-09
0.42 0.0168405 1.98194e-09
0.43 0.0170164 2.09934e-09
0.44 0.0171936 2.22139e-09
0.45 0.0173722 2.34821e-09
0.46 0.0175521 2.47992e-09
0.47 0.0177334 2.61663e-09
0.48 0.017916 2.75849e-09
0.49 0.0181 2.9056e-09
0.5 0.0182853 3.05809e-09
0.51 0.0184719 3.2161e-09
0.52 0.0186598 3.37976e-09
0.53 0.0188491 3.54921e-09
0.54 0.0190397 3.72457e-09
0.55 0.0192317 3.906e-09
0.56 0.0194249 4.09363e-09
0.57 0.0196195 4.2876e-09
0.58 0.0198154 4.48807e-09
0.59 0.0200126 4.69519e-09
0.6 0.0202111 4.9091e-09
0.61 0.0204109 5.12996e-09
0.62 0.0206119 5.35792e-09
0.63 0.0208143 5.59315e-09
0.64 0.0210179 5.83582e-09
0.65 0.0212228 6.08607e-09
0.66 0.021429 6.34409e-09
0.67 0.0216364 6.61004e-09
0.68 0.0218451 6.8841e-09
0.69 0.022055 7.16643e-09
0.7 0.0222662 7.45722e-09
0.71 0.0224785 7.75666e-09
0.72 0.0226921 8.06491e-09
0.73 0.0229069 8.38218e-09
0.74 0.0231229 8.70865e-09
0.75 0.0233401 9.0445e-09
0.76 0.0235585 9.38995e-09
0.77 0.023778 9.74517e-09
0.78 0.0239987 1.01104e-08
0.79 0.0242205 1.04858e-08
0.8 0.0244435 1.08716e-08
0.81 0.0246676 1.1268e-08
0.82 0.0248928 1.16752e-08
0.83 0.0251191 1.20934e-08
0.84 0.0253465 1.25229e-08
0.85 0.025575 1.29638e-08
0.86 0.0258045 1.34165e-08
0.87 0.0260351 1.3881e-08
0.88 0.0262667 1.43577e-08
0.89 0.0264993 1.48468e-08
0.9 0.0267329 1.53485e-08
0.91 0.0269676 1.5863e-08
0.92 0.0272032 1.63907e-08
0.93 0.0274397 1.69316e-08
0.94 0.0276773 1.74862e-08
0.95 0.0279157 1.80545e-08
0.96 0.0281551 1.8637e-08
0.97 0.0283953 1.92338e-08
0.98 0.0286365 1.98451e-08
0.99 0.0288785 2.04714e-08
1 0.0291213 2.11127e-08
1.01 0.029365 2.17694e-08
1.02 0.0296095 2.24418e-08
1.03 0.0298548 2.31301e-08
1.04 0.0301009 2.38346e-08
1.05 0.0303478 2.45556e-08
1.06 0.0305953 2.52934e-08
1.07 0.0308436 2.60482e-08
1.08 0.0310927 2.68203e-08
1.09 0.0313424 2.761e-08
1.1 0.0315927 2.84176e-08
1.11 0.0318437 2.92434e-08
1.12 0.0320954 3.00877e-08
1.13 0.0323476 3.09508e-08
1.14 0.0326005 3.18331e-08
1.15 0.0328539 3.27347e-08
1.16 0.0331078 3.3656e-08
1.17 0.0333623 3.45973e-08
1.18 0.0336173 3.55589e-08
1.19 0.0338728 3.65412e-08
1.2 0.0341288 3.75445e-08
1.21 0.0343852 3.8569e-08
1.22 0.034642 3.96151e-08
1.23 0.0348992 4.06832e-08
1.24 0.0351568 4.17735e-08
1.25 0.0354148 4.28864e-08
1.26 0.0356731 4.40222e-08
1.27 0.0359318 4.51812e-08
1.28 0.0361907 4.63638e-08
1.29 0.0364499 4.75703e-08
1.3 0.0367094 4.88011e-08
1.31 0.0369691 5.00564e-08
1.32 0.037229 5.13367e-08
1.33 0.0374892 5.26423e-08
1.34 0.0377494 5.39735e-08
1.35 0.0380099 5.53307e-08
1.36 0.0382704 5.67142e-08
1.37 0.0385311 5.81244e-08
1.38 0.0387919 5.95616e-08
1.39 0.0390527 6.10263e-08
1.4 0.0393136 6.25186e-08
1.41 0.0395744 6.40391e-08
1.42 0.0398353 6.55881e-08
1.43 0.0400962 6.71659e-08
1.44 0.040357 6.87729e-08
1.45 0.0406178 7.04095e-08
1.46 0.0408784 7.2076e-08
1.47 0.041139 7.37728e-08
1.48 0.0413995 7.55002e-08
1.49 0.0416598 7.72588e-08
1.5 0.0419199 7.90487e-08
1.51 0.0421798 8.08704e-08
1.52 0.0424396 8.27243e-08
1.53 0.0426991 8.46107e-08
1.54 0.0429584 8.653e-08
1.55 0.0432174 8.84827e-08
1.56 0.0434761 9.0469e-08
1.57 0.0437345 9.24893e-08
1.58 0.0439926 9.45441e-08
1.59 0.0442504 9.66337e-08
1.6 0.0445078 9.87585e-08
1.61 0.0447648 1.00919e-07
1.62 0.0450214 1.03115e-07
1.63 0.0452776 1.05348e-07
1.64 0.0455333 1.07617e-07
1.65 0.0457886 1.09924e-07
1.66 0.0460435 1.12268e-07
1.67 0.0462978 1.1465e-07
1.68 0.0465517 1.1707e-07
1.69 0.046805 1.19529e-07
1.7 0.0470578 1.22027e-07
1.71 0.04731 1.24564e-07
1.72 0.0475617 1.27141e-07
1.73 0.0478128 1.29758e-07
1.74 0.0480633 1.32416e-07
1.75 0.0483132 1.35115e-07
1.76 0.0485624 1.37855e-07
1.77 0.048811 1.40637e-07
1.78 0.0490589 1.43461e-07
1.79 0.0493062 1.46328e-07
1.8 0.0495528 1.49238e-07
1.81 0.0497986 1.5219e-07
1.82 0.0500438 1.55187e-07
1.83 0.0502882 1.58228e-07
1.84 0.0505319 1.61313e-07
1.85 0.0507749 1.64442e-07
1.86 0.0510171 1.67617e-07
1.87 0.0512585 1.70838e-07
1.88 0.0514991 1.74105e-07
1.89 0.0517389 1.77418e-07
1.9 0.0519779 1.80778e-07
1.91 0.0522161 1.84185e-07
1.92 0.0524534 1.87639e-07
1.93 0.05269 1.91141e-07
1.94 0.0529256 1.94692e-07
1.95 0.0531604 1.98291e-07
1.96 0.0533944 2.01939e-07
1.97 0.0536275 2.05637e-07
1.98 0.0538596 2.09384e-07
1.99 0.0540909 2.13182e-07
2 0.0543213 2.1703e-07
2.01 0.0545508 2.20929e-07
2.02 0.0547793 2.24879e-07
2.03 0.055007 2.28881e-07
2.04 0.0552337 2.32935e-07
2.05 0.0554595 2.37041e-07
2.06 0.0556843 2.412e-07
2.07 0.0559082 2.45412e-07
2.08 0.0561311 2.49678e-07
2.09 0.0563531 2.53997e-07
2.1 0.0565741 2.58371e-07
2.11 0.0567941 2.62799e-07
2.12 0.0570132 2.67282e-07
2.13 0.0572313 2.71821e-07
2.14 0.0574484 2.76415e-07
2.15 0.0576645 2.81065e-07
2.16 0.0578797 2.85771e-07
2.17 0.0580938 2.90534e-07
2.18 0.058307 2.95354e-07
2.19 0.0585191 3.00232e-07
2.2 0.0587303 3.05167e-07
2.21 0.0589405 3.10161e-07
2.22 0.0591496 3.15213e-07
2.23 0.0593578 3.20323e-07
2.24 0.059565 3.25493e-07
2.25 0.0597711 3.30723e-07
2.26 0.0599763 3.36012e-07
2.27 0.0601804 3.41361e-07
2.28 0.0603836 3.46771e-07
2.29 0.0605857 3.52242e-07
2.3 0.0607869 3.57774e-07
2.31 0.060987 3.63367e-07
2.32 0.0611861 3.69023e-07
2.33 0.0613842 3.7474e-07
2.34 0.0615814 3.8052e-07
2.35 0.0617775 3.86363e-07
2.36 0.0619726 3.92269e-07
2.37 0.0621667 3.98239e-07
2.38 0.0623599 4.04272e-07
2.39 0.062552 4.1037e-07
2.4 0.0627432 4.16532e-07
2.41 0.0629333 4.22759e-07
2.42 0.0631225 4.29051e-07
2.43 0.0633107 4.35409e-07
2.44 0.0634979 4.41832e-07
2.45 0.0636841 4.48321e-07
2.46 0.0638694 4.54877e-07
2.47 0.0640537 4.61499e-07
2.48 0.064237 4.68189e-07
2.49 0.0644194 4.74946e-07
2.5 0.0646008 4.8177e-07
2.51 0.0647813 4.88662e-07
2.52 0.0649608 4.95623e-07
2.53 0.0651393 5.02652e-07
2.54 0.0653169 5.0975e-07
2.55 0.0654936 5.16917e-07
2.56 0.0656694 5.24154e-07
2.57 0.0658442 5.3146e-07
2.58 0.0660181 5.38837e-07
2.59 0.0661911 5.46284e-07
2.6 0.0663632 5.53801e-07
2.61 0.0665344 5.6139e-07
2.62 0.0667047 5.6905e-07
2.63 0.066874 5.76781e-07
2.64 0.0670425 5.84584e-07
2.65 0.0672102 5.92459e-07
2.66 0.0673769 6.00407e-07
2.67 0.0675428 6.08428e-07
2.68 0.0677078 6.16521e-07
2.69 0.0678719 6.24688e-07
2.7 0.0680352 6.32928e-07
2.71 0.0681976 6.41242e-07
2.72 0.0683593 6.49631e-07
2.73 0.06852 6.58093e-07
2.74 0.06868 6.66631e-07
2.75 0.0688391 6.75243e-07
2.76 0.0689974 6.83931e-07
2.77 0.0691549 6.92694e-07
2.78 0.0693117 7.01533e-07
2.79 0.0694676 7.10448e-07
2.8 0.0696227 7.1944e-07
2.81 0.0697771 7.28508e-07
2.82 0.0699307 7.37653e-07
2.83 0.0700835 7.46876e-07
2.84 0.0702355 7.56176e-07
2.85 0.0703868 7.65553e-07
2.86 0.0705374 7.75009e-07
2.87 0.0706872 7.84543e-07
2.88 0.0708363 7.94156e-07
2.89 0.0709847 8.03847e-07
2.9 0.0711324 8.13618e-07
2.91 0.0712793 8.23467e-07
2.92 0.0714256 8.33397e-07
2.93 0.0715712 8.43407e-07
2.94 0.071716 8.53496e-07
2.95 0.0718602 8.63666e-07
2.96 0.0720038 8.73917e-07
2.97 0.0721466 8.84249e-07
2.98 0.0722888 8.94662e-07
2.99 0.0724304 9.05157e-07
3 0.0725713 9.15733e-07
3.01 0.0727116 9.26392e-07
3.02 0.0728513 9.37132e-07
3.03 0.0729903 9.47956e-07
3.04 0.0731287 9.58862e-07
3.05 0.0732665 9.69851e-07
3.06 0.0734037 9.80924e-07
3.07 0.0735404 9.9208e-07
3.08 0.0736764 1.00332e-06
3.09 0.0738119 1.01464e-06
3.1 0.0739468 1.02605e-06
3.11 0.0740811 1.03755e-06
3.12 0.0742149 1.04912e-06
3.13 0.0743482 1.06079e-06
3.14 0.0744809 1.07254e-06
3.15 0.074613 1.08437e-06
3.16 0.0747447 1.09629e-06
3.17 0.0748758 1.1083e-06
3.18 0.0750064 1.12039e-06
3.19 0.0751365 1.13257e-06
3.2 0.0752662 1.14484e-06
3.21 0.0753953 1.15719e-06
3.22 0.0755239 1.16964e-06
3.23 0.0756521 1.18217e-06
3.24 0.0757798 1.19478e-06
3.25 0.0759071 1.20749e-06
3.26 0.0760339 1.22029e-06
3.27 0.0761602 1.23317e-06
3.28 0.0762861 1.24614e-06
3.29 0.0764116 1.2592e-06
3.3 0.0765366 1.27236e-06
3.31 0.0766612 1.2856e-06
3.32 0.0767855 1.29893e-06
3.33 0.0769093 1.31235e-06
3.34 0.0770327 1.32586e-06
3.35 0.0771557 1.33947e-06
3.36 0.0772783 1.35316e-06
3.37 0.0774006 1.36695e-06
3.38 0.0775224 1.38083e-06
3.39 0.0776439 1.3948e-06
3.4 0.0777651 1.40886e-06
3.41 0.0778859 1.42302e-06
3.42 0.0780064 1.43726e-06
3.43 0.0781265 1.4516e-06
3.44 0.0782462 1.46604e-06
3.45 0.0783657 1.48057e-06
3.46 0.0784848 1.49519e-06
3.47 0.0786036 1.5099e-06
3.48 0.0787222 1.52471e-06
3.49 0.0788404 1.53962e-06
3.5 0.0789583 1.55462e-06
3.51 0.0790759 1.56971e-06
3.52 0.0791932 1.5849e-06
3.53 0.0793103 1.60019e-06
3.54 0.0794271 1.61557e-06
3.55 0.0795436 1.63105e-06
3.56 0.0796599 1.64662e-06
3.57 0.0797759 1.6623e-06
3.58 0.0798916 1.67806e-06
3.59 0.0800071 1.69393e-06
3.6 0.0801224 1.70989e-06
3.61 0.0802375 1.72596e-06
3.62 0.0803523 1.74212e-06
3.63 0.0804669 1.75837e-06
3.64 0.0805813 1.77473e-06
3.65 0.0806955 1.79119e-06
3.66 0.0808095 1.80774e-06
3.67 0.0809232 1.8244e-06
3.68 0.0810368 1.84115e-06
3.69 0.0811502 1.85801e-06
3.7 0.0812635 1.87496e-06
3.71 0.0813765 1.89202e-06
3.72 0.0814894 1.90918e-06
3.73 0.0816021 1.92644e-06
3.74 0.0817147 1.9438e-06
3.75 0.0818271 1.96126e-06
3.76 0.0819393 1.97882e-06
3.77 0.0820514 1.99649e-06
3.78 0.0821634 2.01426e-06
3.79 0.0822752 2.03213e-06
3.8 0.0823869 2.05011e-06
3.81 0.0824985 2.06819e-06
3.82 0.08261 2.08637e-06
3.83 0.0827213 2.10466e-06
3.84 0.0828325 2.12305e-06
3.85 0.0829437 2.14154e-06
3.86 0.0830547 2.16015e-06
3.87 0.0831657 2.17885e-06
3.88 0.0832765 2.19767e-06
3.89 0.0833873 2.21659e-06
3.9 0.083498 2.23561e-06
3.91 0.0836086 2.25474e-06
3.92 0.0837191 2.27398e-06
3.93 0.0838296 2.29333e-06
3.94 0.08394 2.31278e-06
3.95 0.0840503 2.33234e-06
3.96 0.0841606 2.35201e-06
3.97 0.0842709 2.37179e-06
3.98 0.0843811 2.39167e-06
3.99 0.0844912 2.41167e-06
4 0.0846014 2.43177e-06
4.01 0.0847115 2.45199e-06
4.02 0.0848215 2.47231e-06
4.03 0.0849316 2.49275e-06
4.04 0.0850416 2.51329e-06
4.05 0.0851516 2.53395e-06
4.06 0.0852616 2.55472e-06
4.07 0.0853716 2.5756e-06
4.08 0.0854816 2.59659e-06
4.09 0.0855916 2.61769e-06
4.1 0.0857016 2.63891e-06
4.11 0.0858116 2.66024e-06
4.12 0.0859217 2.68168e-06
4.13 0.0860317 2.70324e-06
4.14 0.0861418 2.72491e-06
4.15 0.0862519 2.74669e-06
4.16 0.086362 2.76859e-06
4.17 0.0864721 2.7906e-06
4.18 0.0865823 2.81273e-06
4.19 0.0866926 2.83498e-06
4.2 0.0868029 2.85734e-06
4.21 0.0869132 2.87981e-06
4.22 0.0870236 2.90241e-06
4.23 0.087134 2.92512e-06
4.24 0.0872445 2.94795e-06
4.25 0.0873551 2.97089e-06
4.26 0.0874657 2.99396e-06
4.27 0.0875764 3.01714e-06
4.28 0.0876872 3.04044e-06
4.29 0.0877981 3.06386e-06
4.3 0.087909 3.0874e-06
4.31 0.08802 3.11106e-06
4.32 0.0881311 3.13484e-06
4.33 0.0882423 3.15874e-06
4.34 0.0883536 3.18276e-06
4.35 0.0884651 3.2069e-06
4.36 0.0885766 3.23116e-06
4.37 0.0886882 3.25555e-06
4.38 0.0887999 3.28006e-06
4.39 0.0889117 3.30469e-06
4.4 0.0890237 3.32944e-06
4.41 0.0891358 3.35432e-06
4.42 0.0892479 3.37932e-06
4.43 0.0893603 3.40445e-06
4.44 0.0894727 3.4297e-06
4.45 0.0895853 3.45507e-06
4.46 0.089698 3.48057e-06
4.47 0.0898109 3.5062e-06
4.48 0.0899239 3.53195e-06
4.49 0.0900371 3.55783e-06
4.5 0.0901504 3.58384e-06
4.51 0.0902638 3.60997e-06
4.52 0.0903774 3.63624e-06
4.53 0.0904912 3.66263e-06
4.54 0.0906051 3.68914e-06
4.55 0.0907192 3.71579e-06
4.56 0.0908335 3.74257e-06
4.57 0.0909479 3.76947e-06
4.58 0.0910625 3.79651e-06
4.59 0.0911773 3.82368e-06
4.6 0.0912923 3.85098e-06
4.61 0.0914075 3.87841e-06
4.62 0.0915228 3.90597e-06
4.63 0.0916383 3.93366e-06
4.64 0.0917541 3.96149e-06
4.65 0.09187 3.98945e-06
4.66 0.0919861 4.01755e-06
4.67 0.0921024 4.04577e-06
4.68 0.092219 4.07414e-06
4.69 0.0923357 4.10263e-06
4.7 0.0924527 4.13126e-06
4.71 0.0925698 4.16003e-06
4.72 0.0926872 4.18894e-06
4.73 0.0928048 4.21798e-06
4.74 0.0929226 4.24716e-06
4.75 0.0930407 4.27647e-06
4.76 0.093159 4.30592e-06
4.77 0.0932775 4.33552e-06
4.78 0.0933962 4.36525e-06
4.79 0.0935152 4.39512e-06
4.8 0.0936345 4.42513e-06
4.81 0.0937539 4.45528e-06
4.82 0.0938737 4.48557e-06
4.83 0.0939936 4.516e-06
4.84 0.0941139 4.54657e-06
4.85 0.0942343 4.57729e-06
4.86 0.0943551 4.60815e-06
4.87 0.0944761 4.63915e-06
4.88 0.0945973 4.67029e-06
4.89 0.0947189 4.70158e-06
4.9 0.0948406 4.73301e-06
4.91 0.0949627 4.76459e-06
4.92 0.0950851 4.79631e-06
4.93 0.0952077 4.82818e-06
4.94 0.0953306 4.8602e-06
4.95 0.0954538 4.89236e-06
4.96 0.0955773 4.92467e-06
4.97 0.095701 4.95713e-06
4.98 0.0958251 4.98974e-06
4.99 0.0959495 5.02249e-06
5 0.0960741 5.0554e-06
5.01 0.0961991 5.08845e-06
5.02 0.0963243 5.12166e-06
5.03 0.0964499 5.15501e-06
5.04 0.0965758 5.18852e-06
5.05 0.096702 5.22218e-06
5.06 0.0968285 5.25599e-06
5.07 0.0969553 5.28996e-06
5.08 0.0970824 5.32407e-06
5.09 0.0972099 5.35835e-06
5.1 0.0973377 5.39277e-06
5.11 0.0974658 5.42736e-06
5.12 0.0975943 5.4621e-06
5.13 0.0977231 5.49699e-06
5.14 0.0978522 5.53204e-06
5.15 0.0979817 5.56725e-06
5.16 0.0981115 5.60262e-06
5.17 0.0982417 5.63814e-06
5.18 0.0983722 5.67383e-06
5.19 0.0985031 5.70967e-06
5.2 0.0986343 5.74567e-06
5.21 0.0987659 5.78184e-06
5.22 0.0988979 5.81816e-06
5.23 0.0990302 5.85465e-06
5.24 0.0991629 5.8913e-06
5.25 0.0992959 5.92812e-06
5.26 0.0994293 5.96509e-06
5.27 0.0995631 6.00223e-06
5.28 0.0996973 6.03954e-06
5.29 0.0998319 6.07701e-06
5.3 0.0999668 6.11465e-06
5.31 0.100102 6.15245e-06
5.32 0.100238 6.19042e-06
5.33 0.100374 6.22856e-06
5.34 0.100511 6.26687e-06
5.35 0.100647 6.30534e-06
5.36 0.100785 6.34399e-06
5.37 0.100922 6.38281e-06
5.38 0.101061 6.42179e-06
5.39 0.101199 6.46095e-06
5.4 0.101338 6.50028e-06
5.41 0.101478 6.53978e-06
5.42 0.101617 6.57946e-06
5.43 0.101758 6.61931e-06
5.44 0.101898 6.65934e-06
5.45 0.102039 6.69954e-06
5.46 0.102181 6.73991e-06
5.47 0.102323 6.78047e-06
5.48 0.102465 6.8212e-06
5.49 0.102608 6.86211e-06
5.5 0.102751 6.90319e-06
5.51 0.102895 6.94446e-06
5.52 0.103039 6.98591e-06
5.53 0.103184 7.02753e-06
5.54 0.103329 7.06934e-06
5.55 0.103474 7.11133e-06
5.56 0.10362 7.1535e-06
5.57 0.103767 7.19586e-06
5.58 0.103914 7.2384e-06
5.59 0.104061 7.28112e-06
5.6 0.104209 7.32403e-06
5.61 0.104358 7.36713e-06
5.62 0.104506 7.41041e-06
5.63 0.104656 7.45389e-06
5.64 0.104806 7.49754e-06
5.65 0.104956 7.54139e-06
5.66 0.105107 7.58543e-06
5.67 0.105258 7.62966e-06
5.68 0.10541 7.67408e-06
5.69 0.105562 7.71869e-06
5.7 0.105715 7.7635e-06
5.71 0.105869 7.80849e-06
5.72 0.106022 7.85369e-06
5.73 0.106177 7.89907e-06
5.74 0.106332 7.94466e-06
5.75 0.106487 7.99044e-06
5.76 0.106643 8.03641e-06
5.77 0.1068 8.08259e-06
5.78 0.106957 8.12896e-06
5.79 0.107114 8.17554e-06
5.8 0.107272 8.22231e-06
5.81 0.107431 8.26929e-06
5.82 0.10759 8.31646e-06
5.83 0.10775 8.36384e-06
5.84 0.10791 8.41143e-06
5.85 0.108071 8.45922e-06
5.86 0.108233 8.50721e-06
5.87 0.108395 8.55541e-06
5.88 0.108557 8.60382e-06
5.89 0.108721 8.65243e-06
5.9 0.108884 8.70125e-06
5.91 0.109049 8.75028e-06
5.92 0.109214 8.79953e-06
5.93 0.109379 8.84898e-06
5.94 0.109545 8.89865e-06
5.95 0.109712 8.94853e-06
5.96 0.109879 8.99862e-06
5.97 0.110047 9.04892e-06
5.98 0.110216 9.09945e-06
5.99 0.110385 9.15019e-06
6 0.110554 9.20114e-06
6.01 0.110725 9.25232e-06
6.02 0.110896 9.30371e-06
6.03 0.111067 9.35532e-06
6.04 0.11124 9.40716e-06
6.05 0.111412 9.45921e-06
6.06 0.111586 9.51149e-06
6.07 0.11176 9.56399e-06
6.08 0.111935 9.61672e-06
6.09 0.11211 9.66967e-06
6.1 0.112286 9.72285e-06
6.11 0.112463 9.77626e-06
6.12 0.112641 9.82989e-06
6.13 0.112819 9.88375e-06
6.14 0.112997 9.93785e-06
6.15 0.113177 9.99217e-06
6.16 0.113357 1.00467e-05
6.17 0.113538 1.01015e-05
6.18 0.113719 1.01565e-05
6.19 0.113901 1.02118e-05
6.2 0.114084 1.02673e-05
6.21 0.114268 1.0323e-05
6.22 0.114452 1.0379e-05
6.23 0.114637 1.04352e-05
6.24 0.114823 1.04917e-05
6.25 0.115009 1.05484e-05
6.26 0.115196 1.06053e-05
6.27 0.115384 1.06625e-05
6.28 0.115572 1.07199e-05
6.29 0.115762 1.07776e-05
6.3 0.115952 1.08355e-05
6.31 0.116142 1.08936e-05
6.32 0.116334 1.09521e-05
6.33 0.116526 1.10107e-05
6.34 0.116719 1.10696e-05
6.35 0.116913 1.11288e-05
6.36 0.117108 1.11882e-05
6.37 0.117303 1.12479e-05
6.38 0.117499 1.13078e-05
6.39 0.117696 1.1368e-05
6.4 0.117893 1.14284e-05
6.41 0.118092 1.14891e-05
6.42 0.118291 1.15501e-05
6.43 0.118491 1.16113e-05
6.44 0.118692 1.16728e-05
6.45 0.118893 1.17345e-05
6.46 0.119096 1.17965e-05
6.47 0.119299 1.18588e-05
6.48 0.119503 1.19214e-05
6.49 0.119708 1.19842e-05
6.5 0.119913 1.20472e-05
6.51 0.12012 1.21106e-05
6.52 0.120327 1.21742e-05
6.53 0.120535 1.22381e-05
6.54 0.120744 1.23023e-05
6.55 0.120954 1.23667e-05
6.56 0.121165 1.24315e-05
6.57 0.121377 1.24965e-05
6.58 0.121589 1.25617e-05
6.59 0.121802 1.26273e-05
6.6 0.122017 1.26931e-05
6.61 0.122232 1.27593e-05
6.62 0.122448 1.28257e-05
6.63 0.122664 1.28924e-05
6.64 0.122882 1.29593e-05
6.65 0.123101 1.30266e-05
6.66 0.12332 1.30942e-05
6.67 0.123541 1.3162e-05
6.68 0.123762 1.32302e-05
6.69 0.123984 1.32986e-05
6.7 0.124208 1.33673e-05
6.71 0.124432 1.34364e-05
6.72 0.124657 1.35057e-05
6.73 0.124883 1.35753e-05
6.74 0.12511 1.36452e-05
6.75 0.125338 1.37155e-05
6.76 0.125567 1.3786e-05
6.77 0.125796 1.38568e-05
6.78 0.126027 1.3928e-05
6.79 0.126259 1.39994e-05
6.8 0.126492 1.40712e-05
6.81 0.126725 1.41433e-05
6.82 0.12696 1.42157e-05
6.83 0.127196 1.42883e-05
6.84 0.127433 1.43614e-05
6.85 0.12767 1.44347e-05
6.86 0.127909 1.45083e-05
6.87 0.128149 1.45823e-05
6.88 0.12839 1.46566e-05
6.89 0.128631 1.47312e-05
6.9 0.128874 1.48061e-05
6.91 0.129118 1.48814e-05
6.92 0.129363 1.4957e-05
6.93 0.129609 1.50329e-05
6.94 0.129856 1.51092e-05
6.95 0.130104 1.51857e-05
6.96 0.130353 1.52627e-05
6.97 0.130603 1.53399e-05
6.98 0.130854 1.54175e-05
6.99 0.131107 1.54954e-05
7 0.13136 1.55737e-05
7.01 0.131615 1.56523e-05
7.02 0.13187 1.57313e-05
7.03 0.132127 1.58106e-05
7.04 0.132385 1.58902e-05
7.05 0.132644 1.59702e-05
7.06 0.132904 1.60506e-05
7.07 0.133165 1.61313e-05
7.08 0.133428 1.62123e-05
7.09 0.133691 1.62937e-05
7.1 0.133956 1.63755e-05
7.11 0.134222 1.64576e-05
7.12 0.134489 1.65401e-05
7.13 0.134757 1.6623e-05
7.14 0.135026 1.67062e-05
7.15 0.135296 1.67898e-05
7.16 0.135568 1.68737e-05
7.17 0.135841 1.6958e-05
7.18 0.136115 1.70427e-05
7.19 0.13639 1.71278e-05
7.2 0.136667 1.72133e-05
7.21 0.136944 1.72991e-05
7.22 0.137223 1.73853e-05
7.23 0.137503 1.74719e-05
7.24 0.137785 1.75588e-05
7.25 0.138067 1.76462e-05
7.26 0.138351 1.77339e-05
7.27 0.138636 1.78221e-05
7.28 0.138923 1.79106e-05
7.29 0.13921 1.79995e-05
7.3 0.139499 1.80888e-05
7.31 0.139789 1.81786e-05
7.32 0.140081 1.82687e-05
7.33 0.140374 1.83592e-05
7.34 0.140668 1.84501e-05
7.35 0.140963 1.85414e-05
7.36 0.14126 1.86332e-05
7.37 0.141558 1.87253e-05
7.38 0.141857 1.88179e-05
7.39 0.142158 1.89108e-05
7.4 0.14246 1.90042e-05
7.41 0.142763 1.9098e-05
7.42 0.143068 1.91923e-05
7.43 0.143374 1.92869e-05
7.44 0.143681 1.9382e-05
7.45 0.14399 1.94775e-05
7.46 0.1443 1.95735e-05
7.47 0.144611 1.96698e-05
7.48 0.144924 1.97666e-05
7.49 0.145239 1.98639e-05
7.5 0.145554 1.99616e-05
7.51 0.145871 2.00597e-05
7.52 0.14619 2.01582e-05
7.53 0.14651 2.02573e-05
7.54 0.146831 2.03567e-05
7.55 0.147154 2.04566e-05
7.56 0.147478 2.0557e-05
7.57 0.147804 2.06578e-05
7.58 0.148131 2.07591e-05
7.59 0.14846 2.08608e-05
7.6 0.14879 2.0963e-05
7.61 0.149122 2.10657e-05
7.62 0.149455 2.11689e-05
7.63 0.149789 2.12725e-05
7.64 0.150125 2.13766e-05
7.65 0.150463 2.14811e-05
7.66 0.150802 2.15861e-05
7.67 0.151143 2.16917e-05
7.68 0.151485 2.17977e-05
7.69 0.151829 2.19042e-05
7.7 0.152174 2.20111e-05
7.71 0.152521 2.21186e-05
7.72 0.152869 2.22266e-05
7.73 0.153219 2.2335e-05
7.74 0.15357 2.2444e-05
7.75 0.153923 2.25535e-05
7.76 0.154278 2.26634e-05
7.77 0.154634 2.27739e-05
7.78 0.154992 2.28849e-05
7.79 0.155351 2.29964e-05
7.8 0.155712 2.31084e-05
7.81 0.156075 2.3221e-05
7.82 0.156439 2.3334e-05
7.83 0.156805 2.34476e-05
7.84 0.157173 2.35617e-05
7.85 0.157542 2.36764e-05
7.86 0.157913 2.37915e-05
7.87 0.158285 2.39073e-05
7.88 0.158659 2.40235e-05
7.89 0.159035 2.41403e-05
7.9 0.159413 2.42576e-05
7.91 0.159792 2.43755e-05
7.92 0.160173 2.4494e-05
7.93 0.160556 2.4613e-05
7.94 0.16094 2.47325e-05
7.95 0.161326 2.48527e-05
7.96 0.161714 2.49733e-05
7.97 0.162103 2.50946e-05
7.98 0.162495 2.52164e-05
7.99 0.162888 2.53388e-05
8 0.163282 2.54618e-05
8.01 0.163679 2.55853e-05
8.02 0.164077 2.57095e-05
8.03 0.164477 2.58342e-05
8.04 0.164879 2.59595e-05
8.05 0.165283 2.60854e-05
8.06 0.165688 2.62119e-05
8.07 0.166096 2.6339e-05
8.08 0.166505 2.64667e-05
8.09 0.166916 2.65951e-05
8.1 0.167328 2.6724e-05
8.11 0.167743 2.68535e-05
8.12 0.168159 2.69837e-05
8.13 0.168578 2.71145e-05
8.14 0.168998 2.72459e-05
8.15 0.16942 2.73779e-05
8.16 0.169844 2.75106e-05
8.17 0.170269 2.76439e-05
8.18 0.170697 2.77778e-05
8.19 0.171127 2.79124e-05
8.2 0.171558 2.80476e-05
8.21 0.171991 2.81835e-05
8.22 0.172427 2.83201e-05
8.23 0.172864 2.84572e-05
8.24 0.173303 2.85951e-05
8.25 0.173744 2.87336e-05
8.26 0.174187 2.88728e-05
8.27 0.174632 2.90127e-05
8.28 0.175079 2.91532e-05
8.29 0.175528 2.92944e-05
8.3 0.175978 2.94363e-05
8.31 0.176431 2.95789e-05
8.32 0.176886 2.97222e-05
8.33 0.177343 2.98662e-05
8.34 0.177802 3.00109e-05
8.35 0.178262 3.01563e-05
8.36 0.178725 3.03024e-05
8.37 0.17919 3.04492e-05
8.38 0.179657 3.05967e-05
8.39 0.180126 3.0745e-05
8.4 0.180597 3.0894e-05
8.41 0.18107 3.10437e-05
8.42 0.181545 3.11941e-05
8.43 0.182022 3.13453e-05
8.44 0.182501 3.14973e-05
8.45 0.182982 3.16499e-05
8.46 0.183466 3.18034e-05
8.47 0.183951 3.19575e-05
8.48 0.184439 3.21125e-05
8.49 0.184928 3.22682e-05
8.5 0.18542 3.24247e-05
8.51 0.185914 3.25819e-05
8.52 0.18641 3.274e-05
8.53 0.186908 3.28988e-05
8.54 0.187408 3.30584e-05
8.55 0.187911 3.32188e-05
8.56 0.188416 3.338e-05
8.57 0.188922 3.3542e-05
8.58 0.189431 3.37048e-05
8.59 0.189942 3.38684e-05
8.6 0.190456 3.40329e-05
8.61 0.190971 3.41981e-05
8.62 0.191489 3.43642e-05
8.63 0.192009 3.45311e-05
8.64 0.192531 3.46989e-05
8.65 0.193055 3.48674e-05
8.66 0.193581 3.50369e-05
8.67 0.19411 3.52072e-05
8.68 0.194641 3.53783e-05
8.69 0.195174 3.55503e-05
8.7 0.19571 3.57232e-05
8.71 0.196247 3.5897e-05
8.72 0.196787 3.60716e-05
8.73 0.19733 3.62471e-05
8.74 0.197874 3.64235e-05
8.75 0.198421 3.66008e-05
8.76 0.19897 3.67789e-05
8.77 0.199521 3.6958e-05
8.78 0.200075 3.7138e-05
8.79 0.200631 3.73189e-05
8.8 0.201189 3.75008e-05
8.81 0.20175 3.76835e-05
8.82 0.202313 3.78672e-05
8.83 0.202878 3.80518e-05
8.84 0.203445 3.82374e-05
8.85 0.204015 3.84239e-05
8.86 0.204587 3.86114e-05
8.87 0.205162 3.87998e-05
8.88 0.205739 3.89892e-05
8.89 0.206318 3.91796e-05
8.9 0.2069 3.93709e-05
8.91 0.207484 3.95632e-05
8.92 0.20807 3.97566e-05
8.93 0.208659 3.99509e-05
8.94 0.20925 4.01462e-05
8.95 0.209844 4.03425e-05
8.96 0.21044 4.05398e-05
8.97 0.211038 4.07382e-05
8.98 0.211639 4.09375e-05
8.99 0.212242 4.11379e-05
9 0.212848 4.13394e-05
9.01 0.213456 4.15419e-05
9.02 0.214067 4.17454e-05
9.03 0.21468 4.195e-05
9.04 0.215295 4.21557e-05
9.05 0.215913 4.23624e-05
9.06 0.216533 4.25702e-05
9.07 0.217156 4.27791e-05
9.08 0.217781 4.2989e-05
9.09 0.218409 4.32001e-05
9.1 0.219039 4.34123e-05
9.11 0.219672 4.36255e-05
9.12 0.220307 4.38399e-05
9.13 0.220945 4.40554e-05
9.14 0.221585 4.42721e-05
9.15 0.222227 4.44899e-05
9.16 0.222872 4.47088e-05
9.17 0.22352 4.49289e-05
9.18 0.22417 4.51501e-05
9.19 0.224823 4.53725e-05
9.2 0.225478 4.5596e-05
9.21 0.226136 4.58208e-05
9.22 0.226796 4.60467e-05
9.23 0.227459 4.62738e-05
9.24 0.228124 4.65022e-05
9.25 0.228792 4.67317e-05
9.26 0.229462 4.69624e-05
9.27 0.230135 4.71944e-05
9.28 0.230811 4.74276e-05
9.29 0.231489 4.7662e-05
9.3 0.232169 4.78977e-05
9.31 0.232852 4.81346e-05
9.32 0.233538 4.83728e-05
9.33 0.234227 4.86122e-05
9.34 0.234917 4.88529e-05
9.35 0.235611 4.90949e-05
9.36 0.236307 4.93382e-05
9.37 0.237006 4.95828e-05
9.38 0.237707 4.98287e-05
9.39 0.238411 5.00759e-05
9.4 0.239117 5.03245e-05
9.41 0.239826 5.05743e-05
9.42 0.240538 5.08255e-05
9.43 0.241252 5.10781e-05
9.44 0.241969 5.1332e-05
9.45 0.242688 5.15873e-05
9.46 0.24341 5.18439e-05
9.47 0.244135 5.21019e-05
9.48 0.244862 5.23613e-05
9.49 0.245592 5.26221e-05
9.5 0.246325 5.28843e-05
9.51 0.24706 5.31479e-05
9.52 0.247798 5.34129e-05
9.53 0.248538 5.36794e-05
9.54 0.249281 5.39473e-05
9.55 0.250027 5.42166e-05
9.56 0.250775 5.44875e-05
9.57 0.251526 5.47597e-05
9.58 0.25228 5.50335e-05
9.59 0.253036 5.53087e-05
9.6 0.253795 5.55854e-05
9.61 0.254557 5.58636e-05
9.62 0.255321 5.61434e-05
9.63 0.256088 5.64246e-05
9.64 0.256857 5.67074e-05
9.65 0.257629 5.69917e-05
9.66 0.258404 5.72775e-05
9.67 0.259182 5.7565e-05
9.68 0.259962 5.78539e-05
9.69 0.260745 5.81445e-05
9.7 0.26153 5.84366e-05
9.71 0.262318 5.87304e-05
9.72 0.263109 5.90257e-05
9.73 0.263903 5.93227e-05
9.74 0.264699 5.96212e-05
9.75 0.265498 5.99214e-05
9.76 0.266299 6.02233e-05
9.77 0.267103 6.05268e-05
9.78 0.26791 6.08319e-05
9.79 0.268719 6.11388e-05
9.8 0.269532 6.14473e-05
9.81 0.270346 6.17575e-05
9.82 0.271164 6.20694e-05
9.83 0.271984 6.2383e-05
9.84 0.272807 6.26984e-05
9.85 0.273632 6.30155e-05
9.86 0.27446 6.33343e-05
9.87 0.275291 6.36549e-05
9.88 0.276125 6.39772e-05
9.89 0.276961 6.43013e-05
9.9 0.2778 6.46272e-05
9.91 0.278641 6.4955e-05
9.92 0.279485 6.52845e-05
9.93 0.280332 6.56158e-05
9.94 0.281182 6.5949e-05
9.95 0.282034 6.6284e-05
9.96 0.282889 6.66208e-05
9.97 0.283746 6.69595e-05
9.98 0.284606 6.73001e-05
9.99 0.285469 6.76426e-05
10 0.286335 6.79869e-05
10.01 0.287203 6.83332e-05
10.02 0.288074 6.86814e-05
10.03 0.288947 6.90315e-05
10.04 0.289823 6.93836e-05
10.05 0.290702 6.97376e-05
10.06 0.291583 7.00936e-05
10.07 0.292468 7.04515e-05
10.08 0.293354 7.08115e-05
10.09 0.294244 7.11734e-05
10.1 0.295136 7.15374e-05
10.11 0.29603 7.19033e-05
10.12 0.296928 7.22714e-05
10.13 0.297827 7.26414e-05
10.14 0.29873 7.30135e-05
10.15 0.299635 7.33877e-05
10.16 0.300543 7.3764e-05
10.17 0.301453 7.41424e-05
10.18 0.302367 7.45228e-05
10.19 0.303282 7.49054e-05
10.2 0.304201 7.52902e-05
10.21 0.305121 7.5677e-05
10.22 0.306045 7.60661e-05
10.23 0.306971 7.64573e-05
10.24 0.3079 7.68507e-05
10.25 0.308831 7.72462e-05
10.26 0.309765 7.7644e-05
10.27 0.310702 7.8044e-05
10.28 0.311641 7.84463e-05
10.29 0.312583 7.88508e-05
10.3 0.313527 7.92576e-05
10.31 0.314474 7.96666e-05
10.32 0.315423 8.00779e-05
10.33 0.316375 8.04915e-05
10.34 0.31733 8.09075e-05
10.35 0.318287 8.13257e-05
10.36 0.319247 8.17463e-05
10.37 0.320209 8.21693e-05
10.38 0.321174 8.25946e-05
10.39 0.322142 8.30223e-05
10.4 0.323112 8.34524e-05
10.41 0.324084 8.38849e-05
10.42 0.325059 8.43198e-05
10.43 0.326037 8.47572e-05
10.44 0.327017 8.5197e-05
10.45 0.327999 8.56393e-05
10.46 0.328984 8.60841e-05
10.47 0.329972 8.65313e-05
10.48 0.330962 8.69811e-05
10.49 0.331955 8.74334e-05
10.5 0.33295 8.78882e-05
10.51 0.333947 8.83456e-05
10.52 0.334948 8.88055e-05
10.53 0.33595 8.92681e-05
10.54 0.336955 8.97332e-05
10.55 0.337963 9.02009e-05
10.56 0.338973 9.06712e-05
10.57 0.339985 9.11442e-05
10.58 0.341 9.16199e-05
10.59 0.342017 9.20982e-05
10.6 0.343037 9.25792e-05
10.61 0.344059 9.30629e-05
10.62 0.345084 9.35493e-05
10.63 0.346111 9.40384e-05
10.64 0.34714 9.45303e-05
10.65 0.348172 9.5025e-05
10.66 0.349206 9.55224e-05
10.67 0.350243 9.60226e-05
10.68 0.351282 9.65256e-05
10.69 0.352323 9.70315e-05
10.7 0.353367 9.75401e-05
10.71 0.354413 9.80517e-05
10.72 0.355461 9.85661e-05
10.73 0.356512 9.90834e-05
10.74 0.357565 9.96036e-05
10.75 0.358621 0.000100127
10.76 0.359679 0.000100653
10.77 0.360739 0.000101182
10.78 0.361801 0.000101714
10.79 0.362866 0.000102249
10.8 0.363933 0.000102787
10.81 0.365002 0.000103328
10.82 0.366074 0.000103872
10.83 0.367147 0.000104419
10.84 0.368224 0.000104969
10.85 0.369302 0.000105522
10.86 0.370383 0.000106078
10.87 0.371465 0.000106638
10.88 0.372551 0.0001072
10.89 0.373638 0.000107766
10.9 0.374727 0.000108335
10.91 0.375819 0.000108907
10.92 0.376913 0.000109482
10.93 0.378009 0.000110061
10.94 0.379107 0.000110642
10.95 0.380208 0.000111227
10.96 0.38131 0.000111816
10.97 0.382415 0.000112407
10.98 0.383522 0.000113002
10.99 0.384631 0.0001136
11 0.385742 0.000114202
11.01 0.386856 0.000114807
11.02 0.387971 0.000115415
11.03 0.389089 0.000116027
11.04 0.390208 0.000116642
11.05 0.39133 0.00011726
11.06 0.392454 0.000117882
11.07 0.393579 0.000118508
11.08 0.394707 0.000119136
11.09 0.395837 0.000119769
11.1 0.396969 0.000120405
11.11 0.398103 0.000121044
11.12 0.399239 0.000121687
11.13 0.400377 0.000122334
11.14 0.401517 0.000122984
11.15 0.402659 0.000123638
11.16 0.403802 0.000124296
11.17 0.404948 0.000124957
11.18 0.406096 0.000125622
11.19 0.407246 0.00012629
11.2 0.408397 0.000126963
11.21 0.409551 0.000127639
11.22 0.410707 0.000128318
11.23 0.411864 0.000129002
11.24 0.413023 0.000129689
11.25 0.414184 0.00013038
11.26 0.415347 0.000131075
11.27 0.416512 0.000131774
11.28 0.417679 0.000132477
11.29 0.418847 0.000133183
11.3 0.420018 0.000133894
11.31 0.42119 0.000134608
11.32 0.422364 0.000135327
11.33 0.42354 0.000136049
11.34 0.424717 0.000136775
11.35 0.425897 0.000137506
11.36 0.427078 0.00013824
11.37 0.428261 0.000138978
11.38 0.429445 0.000139721
11.39 0.430632 0.000140468
11.4 0.43182 0.000141218
11.41 0.433009 0.000141973
11.42 0.434201 0.000142732
11.43 0.435394 0.000143495
11.44 0.436588 0.000144263
11.45 0.437785 0.000145034
11.46 0.438983 0.00014581
11.47 0.440183 0.00014659
11.48 0.441384 0.000147375
11.49 0.442587 0.000148163
11.5 0.443791 0.000148956
11.51 0.444997 0.000149754
11.52 0.446205 0.000150555
11.53 0.447414 0.000151362
11.54 0.448625 0.000152172
11.55 0.449838 0.000152987
11.56 0.451051 0.000153807
11.57 0.452267 0.00015463
11.58 0.453484 0.000155459
11.59 0.454702 0.000156292
11.6 0.455922 0.000157129
11.61 0.457143 0.000157971
11.62 0.458366 0.000158818
11.63 0.45959 0.000159669
11.64 0.460816 0.000160525
11.65 0.462043 0.000161385
11.66 0.463271 0.00016225
11.67 0.464501 0.00016312
11.68 0.465733 0.000163995
11.69 0.466965 0.000164874
11.7 0.468199 0.000165758
11.71 0.469435 0.000166647
11.72 0.470671 0.000167541
11.73 0.471909 0.000168439
11.74 0.473149 0.000169343
11.75 0.474389 0.000170251
11.76 0.475631 0.000171164
11.77 0.476874 0.000172082
11.78 0.478119 0.000173005
11.79 0.479364 0.000173933
11.8 0.480611 0.000174866
11.81 0.48186 0.000175804
11.82 0.483109 0.000176747
11.83 0.484359 0.000177695
11.84 0.485611 0.000178649
11.85 0.486864 0.000179607
11.86 0.488118 0.00018057
11.87 0.489374 0.000181539
11.88 0.49063 0.000182513
11.89 0.491887 0.000183492
11.9 0.493146 0.000184476
11.91 0.494406 0.000185465
11.92 0.495667 0.00018646
11.93 0.496929 0.00018746
11.94 0.498192 0.000188465
11.95 0.499456 0.000189476
11.96 0.500721 0.000190492
11.97 0.501987 0.000191514
11.98 0.503254 0.000192541
11.99 0.504522 0.000193573
12 0.505791 0.000194611
12.01 0.507061 0.000195654
12.02 0.508332 0.000196703
12.03 0.509604 0.000197757
12.04 0.510877 0.000198817
12.05 0.512151 0.000199883
12.06 0.513426 0.000200954
12.07 0.514701 0.000202031
12.08 0.515978 0.000203113
12.09 0.517255 0.000204202
12.1 0.518534 0.000205296
12.11 0.519813 0.000206395
12.12 0.521093 0.000207501
12.13 0.522374 0.000208612
12.14 0.523655 0.000209729
12.15 0.524938 0.000210852
12.16 0.526221 0.00021198
12.17 0.527505 0.000213115
12.18 0.52879 0.000214256
12.19 0.530076 0.000215402
12.2 0.531362 0.000216555
12.21 0.532649 0.000217713
12.22 0.533937 0.000218878
12.23 0.535225 0.000220048
12.24 0.536514 0.000221225
12.25 0.537804 0.000222407
12.26 0.539095 0.000223596
12.27 0.540386 0.000224791
12.28 0.541678 0.000225992
12.29 0.54297 0.0002272
12.3 0.544263 0.000228413
12.31 0.545557 0.000229633
12.32 0.546851 0.000230859
12.33 0.548146 0.000232092
12.34 0.549442 0.000233331
12.35 0.550738 0.000234576
12.36 0.552034 0.000235827
12.37 0.553331 0.000237085
12.38 0.554629 0.00023835
12.39 0.555927 0.000239621
12.4 0.557226 0.000240898
12.41 0.558525 0.000242182
12.42 0.559825 0.000243472
12.43 0.561125 0.000244769
12.44 0.562425 0.000246073
12.45 0.563726 0.000247383
12.46 0.565028 0.0002487
12.47 0.56633 0.000250024
12.48 0.567632 0.000251354
12.49 0.568935 0.000252691
12.5 0.570238 0.000254035
12.51 0.571541 0.000255385
12.52 0.572845 0.000256743
12.53 0.574149 0.000258107
12.54 0.575454 0.000259478
12.55 0.576759 0.000260856
12.56 0.578064 0.000262241
12.57 0.579369 0.000263633
12.58 0.580675 0.000265032
12.59 0.581981 0.000266437
12.6 0.583287 0.00026785
12.61 0.584594 0.00026927
12.62 0.585901 0.000270697
12.63 0.587208 0.000272132
12.64 0.588515 0.000273573
12.65 0.589823 0.000275021
12.66 0.59113 0.000276477
12.67 0.592438 0.00027794
12.68 0.593746 0.00027941
12.69 0.595055 0.000280888
12.7 0.596363 0.000282372
12.71 0.597672 0.000283865
12.72 0.598981 0.000285364
12.73 0.60029 0.000286871
12.74 0.601599 0.000288385
12.75 0.602908 0.000289907
12.76 0.604217 0.000291436
12.77 0.605526 0.000292973
12.78 0.606836 0.000294518
12.79 0.608145 0.000296069
12.8 0.609455 0.000297629
12.81 0.610764 0.000299196
12.82 0.612074 0.000300771
12.83 0.613384 0.000302353
12.84 0.614693 0.000303943
12.85 0.616003 0.000305541
12.86 0.617313 0.000307147
12.87 0.618622 0.00030876
12.88 0.619932 0.000310382
12.89 0.621242 0.000312011
12.9 0.622551 0.000313648
12.91 0.623861 0.000315293
12.92 0.62517 0.000316946
12.93 0.62648 0.000318606
12.94 0.627789 0.000320275
12.95 0.629098 0.000321952
12.96 0.630407 0.000323637
12.97 0.631716 0.00032533
12.98 0.633025 0.000327031
12.99 0.634334 0.00032874
13 0.635643 0.000330458
13.01 0.636951 0.000332183
13.02 0.63826 0.000333917
13.03 0.639568 0.000335659
13.04 0.640876 0.00033741
13.05 0.642184 0.000339168
13.06 0.643491 0.000340936
13.07 0.644799 0.000342711
13.08 0.646106 0.000344495
13.09 0.647413 0.000346287
13.1 0.64872 0.000348088
13.11 0.650026 0.000349897
13.12 0.651332 0.000351715
13.13 0.652639 0.000353541
13.14 0.653944 0.000355376
13.15 0.65525 0.00035722
13.16 0.656555 0.000359072
13.17 0.65786 0.000360933
13.18 0.659165 0.000362802
13.19 0.660469 0.00036468
13.2 0.661773 0.000366567
13.21 0.663077 0.000368463
13.22 0.66438 0.000370368
13.23 0.665683 0.000372281
13.24 0.666986 0.000374204
13.25 0.668288 0.000376135
13.26 0.66959 0.000378075
13.27 0.670892 0.000380024
13.28 0.672193 0.000381983
13.29 0.673494 0.00038395
13.3 0.674794 0.000385926
13.31 0.676094 0.000387911
13.32 0.677394 0.000389906
13.33 0.678693 0.00039191
13.34 0.679992 0.000393922
13.35 0.68129 0.000395944
13.36 0.682588 0.000397976
13.37 0.683885 0.000400016
13.38 0.685182 0.000402066
13.39 0.686479 0.000404125
13.4 0.687775 0.000406194
13.41 0.68907 0.000408272
13.42 0.690366 0.000410359
13.43 0.69166 0.000412456
13.44 0.692954 0.000414562
13.45 0.694248 0.000416678
13.46 0.695541 0.000418803
13.47 0.696833 0.000420938
13.48 0.698125 0.000423083
13.49 0.699417 0.000425237
13.5 0.700708 0.000427401
13.51 0.701998 0.000429574
13.52 0.703288 0.000431758
13.53 0.704577 0.000433951
13.54 0.705866 0.000436153
13.55 0.707154 0.000438366
13.56 0.708442 0.000440588
13.57 0.709729 0.000442821
13.58 0.711015 0.000445063
13.59 0.712301 0.000447315
13.6 0.713586 0.000449577
13.61 0.71487 0.00045185
13.62 0.716154 0.000454132
13.63 0.717438 0.000456424
13.64 0.71872 0.000458727
13.65 0.720002 0.000461039
13.66 0.721284 0.000463362
13.67 0.722564 0.000465695
13.68 0.723844 0.000468038
13.69 0.725124 0.000470391
13.7 0.726403 0.000472755
13.71 0.727681 0.000475128
13.72 0.728958 0.000477513
13.73 0.730235 0.000479907
13.74 0.731511 0.000482312
13.75 0.732786 0.000484728
13.76 0.734061 0.000487154
13.77 0.735334 0.00048959
13.78 0.736608 0.000492037
13.79 0.73788 0.000494495
13.8 0.739152 0.000496963
13.81 0.740423 0.000499442
13.82 0.741693 0.000501931
13.83 0.742963 0.000504431
13.84 0.744231 0.000506942
13.85 0.745499 0.000509464
13.86 0.746767 0.000511996
13.87 0.748033 0.000514539
13.88 0.749299 0.000517093
13.89 0.750564 0.000519658
13.9 0.751828 0.000522234
13.91 0.753091 0.00052482
13.92 0.754354 0.000527418
13.93 0.755616 0.000530027
13.94 0.756877 0.000532646
13.95 0.758137 0.000535277
13.96 0.759397 0.000537919
13.97 0.760655 0.000540572
13.98 0.761913 0.000543236
13.99 0.76317 0.000545911
14 0.764426 0.000548598
14.01 0.765681 0.000551296
14.02 0.766936 0.000554005
14.03 0.76819 0.000556725
14.04 0.769442 0.000559457
14.05 0.770694 0.0005622
14.06 0.771945 0.000564954
14.07 0.773196 0.00056772
14.08 0.774445 0.000570498
14.09 0.775694 0.000573287
14.1 0.776941 0.000576087
14.11 0.778188 0.000578899
14.12 0.779434 0.000581723
14.13 0.780679 0.000584558
14.14 0.781923 0.000587405
14.15 0.783167 0.000590263
14.16 0.784409 0.000593134
14.17 0.785651 0.000596016
14.18 0.786891 0.00059891
14.19 0.788131 0.000601815
14.2 0.78937 0.000604733
14.21 0.790608 0.000607662
14.22 0.791845 0.000610603
14.23 0.793081 0.000613557
14.24 0.794316 0.000616522
14.25 0.79555 0.000619499
14.26 0.796783 0.000622488
14.27 0.798016 0.00062549
14.28 0.799247 0.000628503
14.29 0.800478 0.000631529
14.3 0.801707 0.000634566
14.31 0.802936 0.000637616
14.32 0.804163 0.000640678
14.33 0.80539 0.000643753
14.34 0.806616 0.000646839
14.35 0.807841 0.000649938
14.36 0.809064 0.00065305
14.37 0.810287 0.000656174
14.38 0.811509 0.00065931
14.39 0.81273 0.000662458
14.4 0.81395 0.000665619
14.41 0.815169 0.000668793
14.42 0.816387 0.000671979
14.43 0.817604 0.000675178
14.44 0.81882 0.000678389
14.45 0.820035 0.000681613
14.46 0.821249 0.00068485
14.47 0.822462 0.000688099
14.48 0.823674 0.000691362
14.49 0.824885 0.000694636
14.5 0.826095 0.000697924
14.51 0.827304 0.000701225
14.52 0.828512 0.000704538
14.53 0.829719 0.000707864
14.54 0.830925 0.000711203
14.55 0.83213 0.000714556
14.56 0.833334 0.000717921
14.57 0.834537 0.000721299
14.58 0.835739 0.00072469
14.59 0.83694 0.000728094
14.6 0.83814 0.000731512
14.61 0.839339 0.000734942
14.62 0.840537 0.000738386
14.63 0.841733 0.000741843
14.64 0.842929 0.000745313
14.65 0.844124 0.000748797
14.66 0.845318 0.000752294
14.67 0.84651 0.000755804
14.68 0.847702 0.000759327
14.69 0.848892 0.000762864
14.7 0.850082 0.000766415
14.71 0.85127 0.000769978
14.72 0.852457 0.000773556
14.73 0.853643 0.000777146
14.74 0.854829 0.000780751
14.75 0.856013 0.000784369
14.76 0.857196 0.000788001
14.77 0.858378 0.000791646
14.78 0.859559 0.000795305
14.79 0.860739 0.000798977
14.8 0.861917 0.000802664
14.81 0.863095 0.000806364
14.82 0.864272 0.000810078
14.83 0.865447 0.000813806
14.84 0.866621 0.000817548
14.85 0.867795 0.000821304
14.86 0.868967 0.000825073
14.87 0.870138 0.000828857
14.88 0.871308 0.000832654
14.89 0.872477 0.000836466
14.9 0.873645 0.000840292
14.91 0.874812 0.000844132
14.92 0.875977 0.000847986
14.93 0.877142 0.000851854
14.94 0.878305 0.000855736
14.95 0.879468 0.000859633
14.96 0.880629 0.000863543
14.97 0.881789 0.000867468
14.98 0.882948 0.000871408
14.99 0.884106 0.000875362
15 0.885262 0.00087933
15.01 0.886418 0.000883312
15.02 0.887572 0.000887309
15.03 0.888726 0.000891321
15.04 0.889878 0.000895347
15.05 0.891029 0.000899388
15.06 0.892179 0.000903443
15.07 0.893328 0.000907513
15.08 0.894475 0.000911597
15.09 0.895622 0.000915696
15.1 0.896767 0.00091981
15.11 0.897912 0.000923938
15.12 0.899055 0.000928082
15.13 0.900197 0.00093224
15.14 0.901337 0.000936413
15.15 0.902477 0.0009406
15.16 0.903616 0.000944803
15.17 0.904753 0.000949021
15.18 0.905889 0.000953253
15.19 0.907024 0.000957501
15.2 0.908158 0.000961763
15.21 0.909291 0.000966041
15.22 0.910422 0.000970333
15.23 0.911553 0.000974641
15.24 0.912682 0.000978964
15.25 0.91381 0.000983302
15.26 0.914937 0.000987655
15.27 0.916062 0.000992024
15.28 0.917187 0.000996408
15.29 0.91831 0.00100081
15.3 0.919432 0.00100522
15.31 0.920553 0.00100965
15.32 0.921673 0.0010141
15.33 0.922791 0.00101856
15.34 0.923909 0.00102303
15.35 0.925025 0.00102752
15.36 0.92614 0.00103203
15.37 0.927254 0.00103655
15.38 0.928366 0.00104109
15.39 0.929478 0.00104565
15.4 0.930588 0.00105022
15.41 0.931697 0.0010548
15.42 0.932805 0.0010594
15.43 0.933911 0.00106402
15.44 0.935017 0.00106865
15.45 0.936121 0.0010733
15.46 0.937224 0.00107796
15.47 0.938325 0.00108264
15.48 0.939426 0.00108734
15.49 0.940525 0.00109205
15.5 0.941623 0.00109678
15.51 0.94272 0.00110152
15.52 0.943815 0.00110628
15.53 0.94491 0.00111106
15.54 0.946003 0.00111585
15.55 0.947094 0.00112066
15.56 0.948185 0.00112548
15.57 0.949274 0.00113032
15.58 0.950363 0.00113518
15.59 0.951449 0.00114005
15.6 0.952535 0.00114494
15.61 0.953619 0.00114984
15.62 0.954703 0.00115476
15.63 0.955784 0.0011597
15.64 0.956865 0.00116466
15.65 0.957944 0.00116963
15.66 0.959022 0.00117461
15.67 0.960099 0.00117962
15.68 0.961175 0.00118464
15.69 0.962249 0.00118967
15.7 0.963322 0.00119473
15.71 0.964394 0.00119979
15.72 0.965464 0.00120488
15.73 0.966533 0.00120998
15.74 0.967601 0.0012151
15.75 0.968667 0.00122024
15.76 0.969733 0.00122539
15.77 0.970797 0.00123056
15.78 0.971859 0.00123575
15.79 0.972921 0.00124095
15.8 0.973981 0.00124617
15.81 0.975039 0.00125141
15.82 0.976097 0.00125666
15.83 0.977153 0.00126193
15.84 0.978208 0.00126722
15.85 0.979261 0.00127253
15.86 0.980313 0.00127785
15.87 0.981364 0.00128319
15.88 0.982414 0.00128855
15.89 0.983462 0.00129392
15.9 0.984509 0.00129931
15.91 0.985554 0.00130472
15.92 0.986598 0.00131014
15.93 0.987641 0.00131558
15.94 0.988683 0.00132104
15.95 0.989723 0.00132652
15.96 0.990761 0.00133201
15.97 0.991799 0.00133753
15.98 0.992835 0.00134305
15.99 0.99387 0.0013486
16 0.994903 0.00135416
16.01 0.995935 0.00135975
16.02 0.996965 0.00136534
16.03 0.997994 0.00137096
16.04 0.999022 0.00137659
16.05 1.00005 0.00138224
16.06 1.00107 0.00138791
16.07 1.0021 0.0013936
16.08 1.00312 0.0013993
16.09 1.00414 0.00140503
16.1 1.00516 0.00141077
16.11 1.00618 0.00141652
16.12 1.00719 0.0014223
16.13 1.00821 0.00142809
16.14 1.00922 0.0014339
16.15 1.01024 0.00143973
16.16 1.01125 0.00144558
16.17 1.01226 0.00145144
16.18 1.01326 0.00145733
16.19 1.01427 0.00146323
16.2 1.01528 0.00146915
16.21 1.01628 0.00147508
16.22 1.01728 0.00148104
16.23 1.01828 0.00148701
16.24 1.01928 0.001493
16.25 1.02028 0.00149901
16.26 1.02127 0.00150504
16.27 1.02227 0.00151108
16.28 1.02326 0.00151715
16.29 1.02425 0.00152323
16.3 1.02525 0.00152933
16.31 1.02623 0.00153545
16.32 1.02722 0.00154158
16.33 1.02821 0.00154774
16.34 1.02919 0.00155391
16.35 1.03017 0.0015601
16.36 1.03116 0.00156631
16.37 1.03214 0.00157254
16.38 1.03311 0.00157879
16.39 1.03409 0.00158506
16.4 1.03507 0.00159134
16.41 1.03604 0.00159764
16.42 1.03701 0.00160397
16.43 1.03798 0.00161031
16.44 1.03895 0.00161667
16.45 1.03992 0.00162304
16.46 1.04088 0.00162944
16.47 1.04185 0.00163586
16.48 1.04281 0.00164229
16.49 1.04377 0.00164874
16.5 1.04473 0.00165521
16.51 1.04569 0.0016617
16.52 1.04664 0.00166821
16.53 1.0476 0.00167474
16.54 1.04855 0.00168129
16.55 1.0495 0.00168785
16.56 1.05045 0.00169444
16.57 1.0514 0.00170104
16.58 1.05235 0.00170767
16.59 1.05329 0.00171431
16.6 1.05423 0.00172097
16.61 1.05518 0.00172765
16.62 1.05612 0.00173435
16.63 1.05705 0.00174107
16.64 1.05799 0.0017478
16.65 1.05892 0.00175456
16.66 1.05986 0.00176134
16.67 1.06079 0.00176813
16.68 1.06172 0.00177495
16.69 1.06265 0.00178178
16.7 1.06357 0.00178863
16.71 1.0645 0.0017955
16.72 1.06542 0.0018024
16.73 1.06634 0.00180931
16.74 1.06726 0.00181624
16.75 1.06817 0.00182319
16.76 1.06909 0.00183016
16.77 1.07 0.00183715
16.78 1.07092 0.00184415
16.79 1.07183 0.00185118
16.8 1.07273 0.00185823
16.81 1.07364 0.00186529
16.82 1.07455 0.00187238
16.83 1.07545 0.00187949
16.84 1.07635 0.00188661
16.85 1.07725 0.00189376
16.86 1.07815 0.00190092
16.87 1.07904 0.00190811
16.88 1.07993 0.00191531
16.89 1.08083 0.00192253
16.9 1.08172 0.00192978
16.91 1.0826 0.00193704
16.92 1.08349 0.00194432
16.93 1.08437 0.00195163
16.94 1.08526 0.00195895
16.95 1.08614 0.00196629
16.96 1.08701 0.00197365
16.97 1.08789 0.00198104
16.98 1.08876 0.00198844
16.99 1.08964 0.00199586
17 1.09051 0.0020033
17.01 1.09137 0.00201076
17.02 1.09224 0.00201825
17.03 1.09311 0.00202575
17.04 1.09397 0.00203327
17.05 1.09483 0.00204081
17.06 1.09569 0.00204837
17.07 1.09654 0.00205596
17.08 1.0974 0.00206356
17.09 1.09825 0.00207118
17.1 1.0991 0.00207882
17.11 1.09995 0.00208648
17.12 1.10079 0.00209417
17.13 1.10164 0.00210187
17.14 1.10248 0.00210959
17.15 1.10332 0.00211734
17.16 1.10415 0.0021251
17.17 1.10499 0.00213288
17.18 1.10582 0.00214069
17.19 1.10665 0.00214851
17.2 1.10748 0.00215636
17.21 1.10831 0.00216422
17.22 1.10913 0.0021721
17.23 1.10995 0.00218001
17.24 1.11077 0.00218794
17.25 1.11159 0.00219588
17.26 1.11241 0.00220385
17.27 1.11322 0.00221183
17.28 1.11403 0.00221984
17.29 1.11484 0.00222787
17.3 1.11565 0.00223592
17.31 1.11645 0.00224399
17.32 1.11725 0.00225207
17.33 1.11805 0.00226018
17.34 1.11885 0.00226831
17.35 1.11964 0.00227646
17.36 1.12043 0.00228463
17.37 1.12122 0.00229283
17.38 1.12201 0.00230104
17.39 1.1228 0.00230927
17.4 1.12358 0.00231752
17.41 1.12436 0.0023258
17.42 1.12514 0.00233409
17.43 1.12591 0.0023424
17.44 1.12668 0.00235074
17.45 1.12745 0.00235909
17.46 1.12822 0.00236747
17.47 1.12899 0.00237587
17.48 1.12975 0.00238429
17.49 1.13051 0.00239272
17.5 1.13127 0.00240118
17.51 1.13202 0.00240966
17.52 1.13277 0.00241816
17.53 1.13352 0.00242668
17.54 1.13427 0.00243522
17.55 1.13502 0.00244379
17.56 1.13576 0.00245237
17.57 1.1365 0.00246097
17.58 1.13723 0.0024696
17.59 1.13797 0.00247824
17.6 1.1387 0.00248691
17.61 1.13943 0.00249559
17.62 1.14015 0.0025043
17.63 1.14088 0.00251303
17.64 1.1416 0.00252178
17.65 1.14231 0.00253055
17.66 1.14303 0.00253934
17.67 1.14374 0.00254815
17.68 1.14445 0.00255698
17.69 1.14515 0.00256583
17.7 1.14586 0.0025747
17.71 1.14656 0.0025836
17.72 1.14726 0.00259251
17.73 1.14795 0.00260145
17.74 1.14864 0.0026104
17.75 1.14933 0.00261938
17.76 1.15002 0.00262838
17.77 1.1507 0.0026374
17.78 1.15138 0.00264644
17.79 1.15206 0.0026555
17.8 1.15273 0.00266458
17.81 1.1534 0.00267368
17.82 1.15407 0.0026828
17.83 1.15473 0.00269194
17.84 1.15539 0.00270111
17.85 1.15605 0.00271029
17.86 1.15671 0.0027195
17.87 1.15736 0.00272872
17.88 1.15801 0.00273797
17.89 1.15865 0.00274724
17.9 1.1593 0.00275653
17.91 1.15994 0.00276584
17.92 1.16057 0.00277517
17.93 1.16121 0.00278452
17.94 1.16184 0.00279389
17.95 1.16246 0.00280328
17.96 1.16308 0.00281269
17.97 1.1637 0.00282212
17.98 1.16432 0.00283158
17.99 1.16493 0.00284105
18 1.16554 0.00285055
18.01 1.16615 0.00286006
18.02 1.16675 0.0028696
18.03 1.16735 0.00287916
18.04 1.16795 0.00288874
18.05 1.16854 0.00289834
18.06 1.16913 0.00290795
18.07 1.16971 0.00291759
18.08 1.17029 0.00292726
18.09 1.17087 0.00293694
18.1 1.17145 0.00294664
18.11 1.17202 0.00295636
18.12 1.17258 0.0029661
18.13 1.17315 0.00297587
18.14 1.17371 0.00298565
18.15 1.17426 0.00299545
18.16 1.17482 0.00300528
18.17 1.17537 0.00301512
18.18 1.17591 0.00302499
18.19 1.17645 0.00303488
18.2 1.17699 0.00304478
18.21 1.17752 0.00305471
18.22 1.17805 0.00306466
18.23 1.17858 0.00307463
18.24 1.1791 0.00308461
18.25 1.17962 0.00309462
18.26 1.18013 0.00310465
18.27 1.18064 0.0031147
18.28 1.18115 0.00312477
18.29 1.18165 0.00313486
18.3 1.18215 0.00314497
18.31 1.18264 0.0031551
18.32 1.18313 0.00316525
18.33 1.18362 0.00317542
18.34 1.1841 0.00318561
18.35 1.18458 0.00319582
18.36 1.18505 0.00320605
18.37 1.18552 0.0032163
18.38 1.18599 0.00322657
18.39 1.18645 0.00323687
18.4 1.18691 0.00324718
18.41 1.18736 0.00325751
18.42 1.18781 0.00326786
18.43 1.18825 0.00327823
18.44 1.18869 0.00328862
18.45 1.18912 0.00329903
18.46 1.18956 0.00330946
18.47 1.18998 0.00331991
18.48 1.1904 0.00333038
18.49 1.19082 0.00334087
18.5 1.19123 0.00335138
18.51 1.19164 0.00336191
18.52 1.19205 0.00337245
18.53 1.19245 0.00338302
18.54 1.19284 0.00339361
18.55 1.19323 0.00340422
18.56 1.19362 0.00341484
18.57 1.194 0.00342549
18.58 1.19437 0.00343615
18.59 1.19474 0.00344684
18.6 1.19511 0.00345754
18.61 1.19547 0.00346826
18.62 1.19583 0.00347901
18.63 1.19618 0.00348977
18.64 1.19653 0.00350055
18.65 1.19687 0.00351135
18.66 1.19721 0.00352217
18.67 1.19754 0.003533
18.68 1.19787 0.00354386
18.69 1.19819 0.00355474
18.7 1.19851 0.00356563
18.71 1.19882 0.00357654
18.72 1.19913 0.00358748
18.73 1.19943 0.00359843
18.74 1.19973 0.0036094
18.75 1.20002 0.00362038
18.76 1.20031 0.00363139
18.77 1.20059 0.00364242
18.78 1.20087 0.00365346
18.79 1.20114 0.00366452
18.8 1.20141 0.0036756
18.81 1.20167 0.0036867
18.82 1.20192 0.00369782
18.83 1.20217 0.00370895
18.84 1.20242 0.0037201
18.85 1.20266 0.00373128
18.86 1.20289 0.00374246
18.87 1.20312 0.00375367
18.88 1.20334 0.0037649
18.89 1.20356 0.00377614
18.9 1.20377 0.0037874
18.91 1.20398 0.00379868
18.92 1.20418 0.00380997
18.93 1.20438 0.00382129
18.94 1.20457 0.00383262
18.95 1.20475 0.00384397
18.96 1.20493 0.00385533
18.97 1.2051 0.00386672
18.98 1.20527 0.00387812
18.99 1.20543 0.00388953
19 1.20559 0.00390097
19.01 1.20574 0.00391242
19.02 1.20588 0.00392389
19.03 1.20602 0.00393537
19.04 1.20615 0.00394688
19.05 1.20628 0.00395839
19.06 1.2064 0.00396993
19.07 1.20651 0.00398148
19.08 1.20662 0.00399305
19.09 1.20673 0.00400464
19.1 1.20682 0.00401624
19.11 1.20691 0.00402786
19.12 1.207 0.00403949
19.13 1.20708 0.00405114
19.14 1.20715 0.0040628
19.15 1.20721 0.00407449
19.16 1.20727 0.00408618
19.17 1.20733 0.0040979
19.18 1.20738 0.00410963
19.19 1.20742 0.00412137
19.2 1.20745 0.00413313
19.21 1.20748 0.00414491
19.22 1.2075 0.0041567
19.23 1.20752 0.0041685
19.24 1.20753 0.00418032
19.25 1.20753 0.00419216
19.26 1.20753 0.00420401
19.27 1.20752 0.00421588
19.28 1.2075 0.00422776
19.29 1.20748 0.00423965
19.3 1.20745 0.00425156
19.31 1.20742 0.00426349
19.32 1.20738 0.00427543
19.33 1.20733 0.00428738
19.34 1.20727 0.00429935
19.35 1.20721 0.00431133
19.36 1.20714 0.00432332
19.37 1.20707 0.00433533
19.38 1.20699 0.00434735
19.39 1.2069 0.00435939
19.4 1.2068 0.00437144
19.41 1.2067 0.0043835
19.42 1.2066 0.00439558
19.43 1.20648 0.00440767
19.44 1.20636 0.00441977
19.45 1.20623 0.00443188
19.46 1.20609 0.00444401
19.47 1.20595 0.00445615
19.48 1.2058 0.00446831
19.49 1.20565 0.00448047
19.5 1.20549 0.00449265
19.51 1.20532 0.00450484
19.52 1.20514 0.00451704
19.53 1.20496 0.00452926
19.54 1.20477 0.00454148
19.55 1.20457 0.00455372
19.56 1.20437 0.00456597
19.57 1.20416 0.00457823
19.58 1.20394 0.0045905
19.59 1.20371 0.00460278
19.6 1.20348 0.00461508
19.61 1.20324 0.00462738
19.62 1.203 0.0046397
19.63 1.20274 0.00465203
19.64 1.20249 0.00466436
19.65 1.20222 0.00467671
19.66 1.20194 0.00468907
19.67 1.20166 0.00470144
19.68 1.20138 0.00471381
19.69 1.20108 0.0047262
19.7 1.20078 0.0047386
19.71 1.20047 0.00475101
19.72 1.20016 0.00476342
19.73 1.19983 0.00477585
19.74 1.1995 0.00478828
19.75 1.19917 0.00480072
19.76 1.19882 0.00481318
19.77 1.19847 0.00482564
19.78 1.19811 0.00483811
19.79 1.19775 0.00485058
19.8 1.19738 0.00486307
19.81 1.197 0.00487556
19.82 1.19661 0.00488806
19.83 1.19622 0.00490057
19.84 1.19582 0.00491309
19.85 1.19541 0.00492561
19.86 1.195 0.00493815
19.87 1.19458 0.00495068
19.88 1.19415 0.00496323
19.89 1.19371 0.00497578
19.9 1.19327 0.00498834
19.91 1.19282 0.0050009
19.92 1.19237 0.00501348
19.93 1.1919 0.00502605
19.94 1.19143 0.00503864
19.95 1.19096 0.00505122
19.96 1.19047 0.00506382
19.97 1.18998 0.00507642
19.98 1.18949 0.00508902
19.99 1.18898 0.00510163
20 1.18847 0.00511425
20.01 1.18795 0.00512687
20.02 1.18743 0.00513949
20.03 1.1869 0.00515212
20.04 1.18636 0.00516475
20.05 1.18582 0.00517738
20.06 1.18527 0.00519002
20.07 1.18471 0.00520267
20.08 1.18415 0.00521531
20.09 1.18358 0.00522796
20.1 1.183 0.00524061
20.11 1.18242 0.00525327
20.12 1.18183 0.00526593
20.13 1.18123 0.00527859
20.14 1.18063 0.00529125
20.15 1.18002 0.00530391
20.16 1.17941 0.00531658
20.17 1.17878 0.00532925
20.18 1.17816 0.00534191
20.19 1.17752 0.00535458
20.2 1.17689 0.00536726
20.21 1.17624 0.00537993
20.22 1.17559 0.0053926
20.23 1.17493 0.00540527
20.24 1.17427 0.00541794
20.25 1.1736 0.00543062
20.26 1.17293 0.00544329
20.27 1.17224 0.00545596
20.28 1.17156 0.00546863
20.29 1.17087 0.0054813
20.3 1.17017 0.00549397
20.31 1.16947 0.00550664
20.32 1.16876 0.00551931
20.33 1.16805 0.00553197
20.34 1.16733 0.00554464
20.35 1.16661 0.0055573
20.36 1.16588 0.00556995
20.37 1.16514 0.00558261
20.38 1.16441 0.00559526
20.39 1.16366 0.00560791
20.4 1.16292 0.00562056
20.41 1.16216 0.0056332
20.42 1.16141 0.00564584
20.43 1.16064 0.00565848
20.44 1.15988 0.00567111
20.45 1.15911 0.00568373
20.46 1.15833 0.00569635
20.47 1.15755 0.00570897
20.48 1.15677 0.00572158
20.49 1.15598 0.00573419
20.5 1.15519 0.00574679
20.51 1.1544 0.00575939
20.52 1.1536 0.00577198
20.53 1.1528 0.00578456
20.54 1.15199 0.00579714
20.55 1.15118 0.00580971
20.56 1.15037 0.00582227
20.57 1.14956 0.00583482
20.58 1.14874 0.00584737
20.59 1.14792 0.00585991
20.6 1.1471 0.00587245
20.61 1.14627 0.00588497
20.62 1.14544 0.00589749
20.63 1.14461 0.00591
20.64 1.14378 0.00592249
20.65 1.14294 0.00593498
20.66 1.1421 0.00594746
20.67 1.14126 0.00595994
20.68 1.14042 0.0059724
20.69 1.13958 0.00598485
20.7 1.13874 0.00599729
20.71 1.13789 0.00600972
20.72 1.13704 0.00602214
20.73 1.1362 0.00603455
20.74 1.13535 0.00604694
20.75 1.1345 0.00605933
20.76 1.13365 0.0060717
20.77 1.1328 0.00608406
20.78 1.13195 0.00609641
20.79 1.13109 0.00610875
20.8 1.13024 0.00612108
20.81 1.12939 0.00613339
20.82 1.12854 0.00614568
20.83 1.12769 0.00615797
20.84 1.12684 0.00617024
20.85 1.12599 0.0061825
20.86 1.12515 0.00619474
20.87 1.1243 0.00620697
20.88 1.12345 0.00621918
20.89 1.12261 0.00623138
20.9 1.12177 0.00624356
20.91 1.12093 0.00625573
20.92 1.12009 0.00626788
20.93 1.11925 0.00628002
20.94 1.11842 0.00629214
20.95 1.11759 0.00630424
20.96 1.11676 0.00631633
20.97 1.11594 0.0063284
20.98 1.11511 0.00634045
20.99 1.1143 0.00635249
21 1.11348 0.0063645
21.01 1.11267 0.0063765
21.02 1.11186 0.00638849
21.03 1.11106 0.00640045
21.04 1.11026 0.00641239
21.05 1.10946 0.00642432
21.06 1.10867 0.00643623
21.07 1.10789 0.00644811
21.08 1.10711 0.00645998
21.09 1.10633 0.00647183
21.1 1.10556 0.00648365
21.11 1.1048 0.00649546
21.12 1.10404 0.00650725
21.13 1.10329 0.00651901
21.14 1.10255 0.00653076
21.15 1.10181 0.00654248
21.16 1.10108 0.00655418
21.17 1.10035 0.00656586
21.18 1.09964 0.00657752
21.19 1.09893 0.00658916
21.2 1.09822 0.00660077
21.21 1.09753 0.00661236
21.22 1.09684 0.00662393
21.23 1.09617 0.00663547
21.24 1.0955 0.00664699
21.25 1.09483 0.00665849
21.26 1.09418 0.00666996
21.27 1.09354 0.00668141
21.28 1.09291 0.00669284
21.29 1.09228 0.00670424
21.3 1.09167 0.00671561
21.31 1.09107 0.00672696
21.32 1.09047 0.00673829
21.33 1.08989 0.00674959
21.34 1.08932 0.00676086
21.35 1.08875 0.00677211
21.36 1.0882 0.00678333
21.37 1.08766 0.00679452
21.38 1.08714 0.00680569
21.39 1.08662 0.00681684
21.4 1.08612 0.00682795
21.41 1.08563 0.00683904
21.42 1.08515 0.0068501
21.43 1.08468 0.00686113
21.44 1.08423 0.00687214
21.45 1.08379 0.00688311
21.46 1.08336 0.00689406
21.47 1.08295 0.00690498
21.48 1.08255 0.00691588
21.49 1.08216 0.00692674
21.5 1.08179 0.00693757
21.51 1.08143 0.00694838
21.52 1.08109 0.00695915
21.53 1.08076 0.0069699
21.54 1.08044 0.00698061
21.55 1.08015 0.0069913
21.56 1.07986 0.00700196
21.57 1.0796 0.00701258
21.58 1.07934 0.00702318
21.59 1.07911 0.00703374
21.6 1.07889 0.00704427
21.61 1.07868 0.00705478
21.62 1.0785 0.00706525
21.63 1.07833 0.00707569
21.64 1.07817 0.00708609
21.65 1.07804 0.00709647
21.66 1.07792 0.00710681
21.67 1.07782 0.00711712
21.68 1.07773 0.0071274
21.69 1.07766 0.00713765
21.7 1.07761 0.00714787
21.71 1.07758 0.00715805
21.72 1.07757 0.0071682
21.73 1.07758 0.00717831
21.74 1.0776 0.0071884
21.75 1.07764 0.00719845
21.76 1.0777 0.00720846
21.77 1.07778 0.00721844
21.78 1.07788 0.00722839
21.79 1.078 0.00723831
21.8 1.07814 0.00724819
21.81 1.0783 0.00725803
21.82 1.07848 0.00726784
21.83 1.07867 0.00727762
21.84 1.07889 0.00728737
21.85 1.07913 0.00729707
21.86 1.07938 0.00730675
21.87 1.07966 0.00731639
21.88 1.07996 0.00732599
21.89 1.08027 0.00733556
21.9 1.08061 0.00734509
21.91 1.08097 0.00735459
21.92 1.08135 0.00736405
21.93 1.08175 0.00737348
21.94 1.08217 0.00738287
21.95 1.08261 0.00739222
21.96 1.08307 0.00740154
21.97 1.08356 0.00741082
21.98 1.08406 0.00742007
21.99 1.08459 0.00742928
22 1.08514 0.00743845
22.01 1.08571 0.00744759
22.02 1.0863 0.00745669
22.03 1.08691 0.00746576
22.04 1.08754 0.00747479
22.05 1.08819 0.00748378
22.06 1.08887 0.00749274
22.07 1.08957 0.00750165
22.08 1.09029 0.00751054
22.09 1.09103 0.00751938
22.1 1.09179 0.00752819
22.11 1.09257 0.00753696
22.12 1.09338 0.00754569
22.13 1.0942 0.00755439
22.14 1.09505 0.00756305
22.15 1.09592 0.00757167
22.16 1.09681 0.00758025
22.17 1.09772 0.0075888
22.18 1.09866 0.00759731
22.19 1.09962 0.00760578
22.2 1.10059 0.00761422
22.21 1.10159 0.00762262
22.22 1.10261 0.00763098
22.23 1.10365 0.0076393
22.24 1.10472 0.00764759
22.25 1.1058 0.00765583
22.26 1.10691 0.00766404
22.27 1.10804 0.00767222
22.28 1.10918 0.00768035
22.29 1.11035 0.00768845
22.3 1.11154 0.00769651
22.31 1.11276 0.00770453
22.32 1.11399 0.00771252
22.33 1.11524 0.00772046
22.34 1.11652 0.00772837
22.35 1.11781 0.00773624
22.36 1.11913 0.00774408
22.37 1.12046 0.00775188
22.38 1.12182 0.00775964
22.39 1.12319 0.00776736
22.4 1.12459 0.00777504
22.41 1.12601 0.00778269
22.42 1.12744 0.0077903
22.43 1.1289 0.00779787
22.44 1.13038 0.00780541
22.45 1.13187 0.0078129
22.46 1.13339 0.00782036
22.47 1.13493 0.00782779
22.48 1.13648 0.00783517
22.49 1.13805 0.00784252
22.5 1.13965 0.00784983
22.51 1.14126 0.00785711
22.52 1.14289 0.00786434
22.53 1.14454 0.00787154
22.54 1.14621 0.00787871
22.55 1.1479 0.00788584
22.56 1.1496 0.00789293
22.57 1.15132 0.00789998
22.58 1.15307 0.007907
22.59 1.15482 0.00791398
22.6 1.1566 0.00792092
22.61 1.1584 0.00792783
22.62 1.16021 0.0079347
22.63 1.16204 0.00794153
22.64 1.16388 0.00794833
22.65 1.16575 0.00795509
22.66 1.16763 0.00796182
22.67 1.16953 0.00796851
22.68 1.17144 0.00797517
22.69 1.17337 0.00798179
22.7 1.17531 0.00798837
22.71 1.17728 0.00799492
22.72 1.17926 0.00800143
22.73 1.18125 0.00800791
22.74 1.18326 0.00801435
22.75 1.18528 0.00802076
22.76 1.18732 0.00802713
22.77 1.18938 0.00803347
22.78 1.19145 0.00803977
22.79 1.19353 0.00804604
22.8 1.19563 0.00805227
22.81 1.19775 0.00805847
22.82 1.19987 0.00806463
22.83 1.20202 0.00807077
22.84 1.20417 0.00807686
22.85 1.20634 0.00808293
22.86 1.20853 0.00808895
22.87 1.21072 0.00809495
22.88 1.21293 0.00810091
22.89 1.21516 0.00810684
22.9 1.21739 0.00811274
22.91 1.21964 0.0081186
22.92 1.2219 0.00812443
22.93 1.22417 0.00813023
22.94 1.22646 0.00813599
22.95 1.22876 0.00814172
22.96 1.23107 0.00814742
22.97 1.23339 0.00815309
22.98 1.23572 0.00815873
22.99 1.23806 0.00816433
23 1.24042 0.0081699
23.01 1.24279 0.00817544
23.02 1.24516 0.00818095
23.03 1.24755 0.00818643
23.04 1.24995 0.00819188
23.05 1.25236 0.00819729
23.06 1.25478 0.00820268
23.07 1.25721 0.00820803
23.08 1.25964 0.00821336
23.09 1.26209 0.00821865
23.1 1.26455 0.00822392
23.11 1.26702 0.00822915
23.12 1.26949 0.00823436
23.13 1.27198 0.00823953
23.14 1.27447 0.00824468
23.15 1.27698 0.0082498
23.16 1.27949 0.00825488
23.17 1.28201 0.00825994
23.18 1.28454 0.00826498
23.19 1.28707 0.00826998
23.2 1.28962 0.00827495
23.21 1.29217 0.0082799
23.22 1.29473 0.00828482
23.23 1.2973 0.00828971
23.24 1.29987 0.00829457
23.25 1.30245 0.00829941
23.26 1.30504 0.00830422
23.27 1.30764 0.008309
23.28 1.31024 0.00831376
23.29 1.31285 0.00831849
23.3 1.31547 0.0083232
23.31 1.31809 0.00832787
23.32 1.32072 0.00833253
23.33 1.32335 0.00833715
23.34 1.32599 0.00834175
23.35 1.32864 0.00834633
23.36 1.33129 0.00835088
23.37 1.33395 0.00835541
23.38 1.33661 0.00835991
23.39 1.33928 0.00836439
23.4 1.34195 0.00836884
23.41 1.34463 0.00837327
23.42 1.34731 0.00837768
23.43 1.35 0.00838206
23.44 1.35269 0.00838642
23.45 1.35539 0.00839076
23.46 1.35809 0.00839507
23.47 1.36079 0.00839936
23.48 1.3635 0.00840363
23.49 1.36622 0.00840788
23.5 1.36894 0.0084121
23.51 1.37166 0.0084163
23.52 1.37438 0.00842049
23.53 1.37711 0.00842465
23.54 1.37984 0.00842879
23.55 1.38258 0.0084329
23.56 1.38532 0.008437
23.57 1.38806 0.00844108
23.58 1.3908 0.00844514
23.59 1.39355 0.00844918
23.6 1.3963 0.00845319
23.61 1.39905 0.00845719
23.62 1.40181 0.00846117
23.63 1.40457 0.00846513
23.64 1.40733 0.00846907
23.65 1.41009 0.008473
23.66 1.41286 0.0084769
23.67 1.41563 0.00848079
23.68 1.41839 0.00848466
23.69 1.42117 0.00848851
23.7 1.42394 0.00849235
23.71 1.42671 0.00849616
23.72 1.42949 0.00849996
23.73 1.43227 0.00850375
23.74 1.43505 0.00850752
23.75 1.43783 0.00851127
23.76 1.44061 0.008515
23.77 1.4434 0.00851872
23.78 1.44618 0.00852243
23.79 1.44897 0.00852612
23.8 1.45175 0.00852979
23.81 1.45454 0.00853345
23.82 1.45733 0.0085371
23.83 1.46012 0.00854073
23.84 1.46291 0.00854435
23.85 1.4657 0.00854795
23.86 1.46849 0.00855154
23.87 1.47129 0.00855512
23.88 1.47408 0.00855868
23.89 1.47687 0.00856223
23.9 1.47966 0.00856577
23.91 1.48246 0.0085693
23.92 1.48525 0.00857281
23.93 1.48804 0.00857632
23.94 1.49084 0.00857981
23.95 1.49363 0.00858329
23.96 1.49642 0.00858676
23.97 1.49922 0.00859021
23.98 1.50201 0.00859366
23.99 1.5048 0.0085971
24 1.50759 0.00860053
24.01 1.51039 0.00860394
24.02 1.51318 0.00860735
24.03 1.51597 0.00861075
24.04 1.51876 0.00861414
24.05 1.52155 0.00861752
24.06 1.52434 0.00862089
24.07 1.52713 0.00862426
24.08 1.52991 0.00862761
24.09 1.5327 0.00863096
24.1 1.53549 0.0086343
24.11 1.53827 0.00863763
24.12 1.54105 0.00864096
24.13 1.54384 0.00864428
24.14 1.54662 0.00864759
24.15 1.5494 0.0086509
24.16 1.55218 0.0086542
24.17 1.55496 0.00865749
24.18 1.55774 0.00866078
24.19 1.56051 0.00866406
24.2 1.56329 0.00866734
24.21 1.56606 0.00867061
24.22 1.56883 0.00867388
24.23 1.5716 0.00867715
24.24 1.57437 0.00868041
24.25 1.57714 0.00868366
24.26 1.57991 0.00868691
24.27 1.58267 0.00869016
24.28 1.58543 0.00869341
24.29 1.58819 0.00869665
24.3 1.59095 0.00869989
24.31 1.59371 0.00870313
24.32 1.59647 0.00870637
24.33 1.59922 0.0087096
24.34 1.60197 0.00871283
24.35 1.60472 0.00871606
24.36 1.60747 0.00871929
24.37 1.61022 0.00872252
24.38 1.61297 0.00872575
24.39 1.61571 0.00872898
24.4 1.61845 0.00873221
24.41 1.62119 0.00873543
24.42 1.62393 0.00873866
24.43 1.62666 0.00874189
24.44 1.62939 0.00874512
24.45 1.63212 0.00874835
24.46 1.63485 0.00875158
24.47 1.63758 0.00875482
24.48 1.6403 0.00875805
24.49 1.64303 0.00876129
24.5 1.64575 0.00876453
24.51 1.64846 0.00876777
24.52 1.65118 0.00877101
24.53 1.65389 0.00877426
24.54 1.6566 0.00877751
24.55 1.65931 0.00878077
24.56 1.66202 0.00878403
24.57 1.66472 0.00878729
24.58 1.66742 0.00879055
24.59 1.67012 0.00879383
24.6 1.67282 0.0087971
24.61 1.67551 0.00880038
24.62 1.6782 0.00880367
24.63 1.68089 0.00880696
24.64 1.68357 0.00881026
24.65 1.68626 0.00881356
24.66 1.68894 0.00881687
24.67 1.69162 0.00882018
24.68 1.69429 0.00882351
24.69 1.69697 0.00882684
24.7 1.69964 0.00883017
24.71 1.70231 0.00883352
24.72 1.70497 0.00883687
24.73 1.70763 0.00884023
24.74 1.71029 0.00884359
24.75 1.71295 0.00884697
24.76 1.7156 0.00885035
24.77 1.71826 0.00885375
24.78 1.7209 0.00885715
24.79 1.72355 0.00886056
24.8 1.72619 0.00886398
24.81 1.72883 0.00886741
24.82 1.73147 0.00887086
24.83 1.73411 0.00887431
24.84 1.73674 0.00887777
24.85 1.73937 0.00888124
24.86 1.74199 0.00888472
24.87 1.74461 0.00888822
24.88 1.74723 0.00889173
24.89 1.74985 0.00889524
24.9 1.75246 0.00889877
24.91 1.75507 0.00890232
24.92 1.75768 0.00890587
24.93 1.76029 0.00890944
24.94 1.76289 0.00891302
24.95 1.76549 0.00891661
24.96 1.76808 0.00892022
24.97 1.77067 0.00892384
24.98 1.77326 0.00892747
24.99 1.77585 0.00893112
25 1.77843 0.00893478
25.01 1.78101 0.00893846
25.02 1.78358 0.00894215
25.03 1.78616 0.00894586
25.04 1.78873 0.00894958
25.05 1.79129 0.00895332
25.06 1.79385 0.00895707
25.07 1.79641 0.00896084
25.08 1.79897 0.00896463
25.09 1.80152 0.00896843
25.1 1.80407 0.00897225
25.11 1.80661 0.00897608
25.12 1.80916 0.00897994
25.13 1.81169 0.00898381
25.14 1.81423 0.00898769
25.15 1.81676 0.0089916
25.16 1.81929 0.00899552
25.17 1.82181 0.00899947
25.18 1.82433 0.00900343
25.19 1.82685 0.00900741
25.2 1.82936 0.0090114
25.21 1.83187 0.00901542
25.22 1.83437 0.00901946
25.23 1.83687 0.00902351
25.24 1.83937 0.00902759
25.25 1.84186 0.00903169
25.26 1.84435 0.0090358
25.27 1.84684 0.00903994
25.28 1.84932 0.0090441
25.29 1.8518 0.00904828
25.3 1.85427 0.00905248
25.31 1.85674 0.0090567
25.32 1.8592 0.00906095
25.33 1.86166 0.00906521
25.34 1.86412 0.0090695
25.35 1.86657 0.00907381
25.36 1.86902 0.00907814
25.37 1.87146 0.0090825
25.38 1.8739 0.00908688
25.39 1.87634 0.00909128
25.4 1.87877 0.00909571
25.41 1.88119 0.00910016
25.42 1.88361 0.00910463
25.43 1.88603 0.00910913
25.44 1.88844 0.00911365
25.45 1.89085 0.0091182
25.46 1.89325 0.00912277
25.47 1.89565 0.00912737
25.48 1.89804 0.00913199
25.49 1.90043 0.00913664
25.5 1.90281 0.00914131
25.51 1.90519 0.00914601
25.52 1.90756 0.00915074
25.53 1.90993 0.00915549
25.54 1.91229 0.00916027
25.55 1.91465 0.00916508
25.56 1.917 0.00916991
25.57 1.91935 0.00917477
25.58 1.92169 0.00917966
25.59 1.92403 0.00918458
25.6 1.92636 0.00918952
25.61 1.92869 0.0091945
25.62 1.93101 0.0091995
25.63 1.93332 0.00920453
25.64 1.93563 0.00920959
25.65 1.93794 0.00921468
25.66 1.94023 0.0092198
25.67 1.94253 0.00922494
25.68 1.94482 0.00923012
25.69 1.9471 0.00923533
25.7 1.94937 0.00924057
25.71 1.95164 0.00924583
25.72 1.95391 0.00925113
25.73 1.95617 0.00925646
25.74 1.95842 0.00926182
25.75 1.96067 0.00926722
25.76 1.96291 0.00927264
25.77 1.96515 0.00927809
25.78 1.96738 0.00928358
25.79 1.9696 0.0092891
25.8 1.97182 0.00929466
25.81 1.97403 0.00930024
25.82 1.97624 0.00930586
25.83 1.97844 0.00931151
25.84 1.98064 0.00931719
25.85 1.98282 0.00932291
25.86 1.98501 0.00932866
25.87 1.98718 0.00933445
25.88 1.98936 0.00934027
25.89 1.99152 0.00934612
25.9 1.99368 0.00935201
25.91 1.99583 0.00935794
25.92 1.99798 0.0093639
25.93 2.00012 0.00936989
25.94 2.00226 0.00937592
25.95 2.00439 0.00938199
25.96 2.00651 0.00938809
25.97 2.00863 0.00939422
25.98 2.01074 0.0094004
25.99 2.01285 0.00940661
26 2.01495 0.00941285
26.01 2.01704 0.00941914
26.02 2.01913 0.00942546
26.03 2.02122 0.00943182
26.04 2.0233 0.00943821
26.05 2.02537 0.00944465
26.06 2.02744 0.00945112
26.07 2.0295 0.00945763
26.08 2.03155 0.00946418
26.09 2.0336 0.00947077
26.1 2.03565 0.00947739
26.11 2.03769 0.00948406
26.12 2.03972 0.00949076
26.13 2.04175 0.00949751
26.14 2.04377 0.00950429
26.15 2.04579 0.00951112
26.16 2.0478 0.00951798
26.17 2.04981 0.00952488
26.18 2.05181 0.00953183
26.19 2.0538 0.00953881
26.2 2.05579 0.00954584
26.21 2.05778 0.00955291
26.22 2.05975 0.00956002
26.23 2.06173 0.00956717
26.24 2.06369 0.00957436
26.25 2.06566 0.0095816
26.26 2.06761 0.00958887
26.27 2.06956 0.00959619
26.28 2.0715 0.00960355
26.29 2.07344 0.00961096
26.3 2.07537 0.00961841
26.31 2.07729 0.0096259
26.32 2.07921 0.00963343
26.33 2.08112 0.00964101
26.34 2.08302 0.00964864
26.35 2.08491 0.0096563
26.36 2.0868 0.00966401
26.37 2.08867 0.00967177
26.38 2.09054 0.00967957
26.39 2.0924 0.00968742
26.4 2.09425 0.00969531
26.41 2.09608 0.00970325
26.42 2.09791 0.00971123
26.43 2.09973 0.00971926
26.44 2.10153 0.00972733
26.45 2.10332 0.00973545
26.46 2.1051 0.00974362
26.47 2.10686 0.00975184
26.48 2.10861 0.0097601
26.49 2.11034 0.00976841
26.5 2.11205 0.00977677
26.51 2.11374 0.00978517
26.52 2.11542 0.00979363
26.53 2.11707 0.00980213
26.54 2.11871 0.00981068
26.55 2.12031 0.00981928
26.56 2.1219 0.00982793
26.57 2.12346 0.00983662
26.58 2.12498 0.00984537
26.59 2.12648 0.00985417
26.6 2.12795 0.00986302
26.61 2.12939 0.00987191
26.62 2.13078 0.00988086
26.63 2.13214 0.00988986
26.64 2.13346 0.00989891
26.65 2.13474 0.00990802
26.66 2.13597 0.00991717
26.67 2.13716 0.00992638
26.68 2.13829 0.00993564
26.69 2.13937 0.00994495
26.7 2.14039 0.00995431
26.71 2.14136 0.00996373
26.72 2.14226 0.0099732
26.73 2.14309 0.00998273
26.74 2.14385 0.0099923
26.75 2.14454 0.0100019
26.76 2.14516 0.0100116
26.77 2.14569 0.0100214
26.78 2.14613 0.0100312
26.79 2.14648 0.010041
26.8 2.14674 0.0100509
26.81 2.1469 0.0100609
26.82 2.14695 0.0100709
26.83 2.14689 0.010081
26.84 2.14672 0.0100911
26.85 2.14643 0.0101013
26.86 2.14601 0.0101116
26.87 2.14546 0.0101219
26.88 2.14477 0.0101323
26.89 2.14393 0.0101427
26.9 2.14295 0.0101532
26.91 2.14181 0.0101637
26.92 2.1405 0.0101743
26.93 2.13903 0.010185
26.94 2.13737 0.0101957
26.95 2.13554 0.0102065
26.96 2.13351 0.0102173
26.97 2.13128 0.0102282
26.98 2.12885 0.0102392
26.99 2.1262 0.0102502
27 2.12333 0.0102613
27.01 2.12023 0.0102725
27.02 2.11689 0.0102837
27.03 2.11331 0.0102949
27.04 2.10948 0.0103063
27.05 2.10538 0.0103177
27.06 2.10101 0.0103291
27.07 2.09637 0.0103407
27.08 2.09144 0.0103522
27.09 2.08621 0.0103639
27.1 2.08069 0.0103756
27.11 2.07485 0.0103874
27.12 2.06869 0.0103992
27.13 2.06221 0.0104111
27.14 2.0554 0.0104231
27.15 2.04824 0.0104351
27.16 2.04074 0.0104472
27.17 2.03288 0.0104594
27.18 2.02466 0.0104716
27.19 2.01607 0.0104839
27.2 2.00711 0.0104963
27.21 1.99776 0.0105087
27.22 1.98803 0.0105211
27.23 1.97791 0.0105337
27.24 1.96739 0.0105463
27.25 1.95647 0.010559
27.26 1.94515 0.0105717
27.27 1.93343 0.0105845
27.28 1.92129 0.0105973
27.29 1.90875 0.0106103
27.3 1.89579 0.0106232
27.31 1.88243 0.0106363
27.32 1.86865 0.0106494
27.33 1.85447 0.0106626
27.34 1.83988 0.0106758
27.35 1.82489 0.0106891
27.36 1.8095 0.0107024
27.37 1.79372 0.0107158
27.38 1.77755 0.0107293
27.39 1.76101 0.0107428
27.4 1.74409 0.0107564
27.41 1.72682 0.01077
27.42 1.7092 0.0107837
27.43 1.69125 0.0107975
27.44 1.67297 0.0108113
27.45 1.65439 0.0108252
27.46 1.63552 0.0108391
27.47 1.61638 0.0108531
27.48 1.59699 0.0108671
27.49 1.57737 0.0108812
27.5 1.55754 0.0108953
27.51 1.53753 0.0109095
27.52 1.51737 0.0109237
27.53 1.49707 0.010938
27.54 1.47667 0.0109524
27.55 1.4562 0.0109668
27.56 1.43568 0.0109812
27.57 1.41516 0.0109957
27.58 1.39467 0.0110102
27.59 1.37424 0.0110248
27.6 1.35391 0.0110394
27.61 1.33372 0.0110541
27.62 1.3137 0.0110688
27.63 1.29391 0.0110836
27.64 1.27437 0.0110984
27.65 1.25513 0.0111132
27.66 1.23623 0.0111281
27.67 1.21771 0.011143
27.68 1.19963 0.011158
27.69 1.18201 0.011173
27.7 1.1649 0.0111881
27.71 1.14834 0.0112032
27.72 1.13238 0.0112183
27.73 1.11704 0.0112335
27.74 1.10237 0.0112487
27.75 1.0884 0.011264
27.76 1.07515 0.0112793
27.77 1.06267 0.0112946
27.78 1.05097 0.01131
27.79 1.04007 0.0113254
27.8 1.03 0.0113409
27.81 1.02076 0.0113564
27.82 1.01236 0.0113719
27.83 1.00481 0.0113875
27.84 0.998103 0.0114031
27.85 0.992235 0.0114187
27.86 0.987193 0.0114344
27.87 0.982963 0.0114501
27.88 0.979523 0.0114659
27.89 0.97685 0.0114817
27.9 0.974914 0.0114975
27.91 0.973683 0.0115134
27.92 0.973122 0.0115293
27.93 0.973192 0.0115452
27.94 0.973853 0.0115612
27.95 0.975064 0.0115772
27.96 0.97678 0.0115933
27.97 0.978956 0.0116094
27.98 0.981548 0.0116255
27.99 0.984512 0.0116417
28 0.987801 0.0116579
28.01 0.991372 0.0116741
28.02 0.995183 0.0116904
28.03 0.99919 0.0117067
28.04 1.00335 0.0117231
28.05 1.00764 0.0117395
28.06 1.012 0.0117559
28.07 1.01641 0.0117724
28.08 1.02083 0.0117889
28.09 1.02523 0.0118055
28.1 1.02959 0.011822
28.11 1.03387 0.0118387
28.12 1.03805 0.0118553
28.13 1.04211 0.011872
28.14 1.04603 0.0118888
28.15 1.04979 0.0119055
28.16 1.05338 0.0119223
28.17 1.05677 0.0119392
28.18 1.05996 0.0119561
28.19 1.06294 0.011973
28.2 1.0657 0.0119899
28.21 1.06822 0.0120069
28.22 1.07052 0.0120239
28.23 1.07257 0.012041
28.24 1.07439 0.0120581
28.25 1.07596 0.0120752
28.26 1.0773 0.0120924
28.27 1.0784 0.0121096
28.28 1.07927 0.0121268
28.29 1.0799 0.0121441
28.3 1.08031 0.0121614
28.31 1.0805 0.0121787
28.32 1.08049 0.012196
28.33 1.08027 0.0122134
28.34 1.07986 0.0122308
28.35 1.07927 0.0122483
28.36 1.0785 0.0122658
28.37 1.07757 0.0122833
28.38 1.0765 0.0123008
28.39 1.07529 0.0123183
28.4 1.07395 0.0123359
28.41 1.07251 0.0123535
28.42 1.07096 0.0123712
28.43 1.06934 0.0123888
28.44 1.06764 0.0124065
28.45 1.06588 0.0124242
28.46 1.06408 0.0124419
28.47 1.06225 0.0124596
28.48 1.06041 0.0124774
28.49 1.05855 0.0124952
28.5 1.05671 0.0125129
28.51 1.05489 0.0125308
28.52 1.05309 0.0125486
28.53 1.05134 0.0125664
28.54 1.04964 0.0125843
28.55 1.04801 0.0126021
28.56 1.04644 0.01262
28.57 1.04496 0.0126379
28.58 1.04355 0.0126557
28.59 1.04224 0.0126736
28.6 1.04103 0.0126915
28.61 1.03991 0.0127094
28.62 1.03889 0.0127273
28.63 1.03797 0.0127452
28.64 1.03715 0.0127631
28.65 1.03642 0.012781
28.66 1.03579 0.0127988
28.67 1.03524 0.0128167
28.68 1.03478 0.0128346
28.69 1.03438 0.0128524
28.7 1.03404 0.0128702
28.71 1.03375 0.012888
28.72 1.03349 0.0129057
28.73 1.03324 0.0129235
28.74 1.03299 0.0129411
28.75 1.03272 0.0129588
28.76 1.0324 0.0129764
28.77 1.03202 0.0129939
28.78 1.03154 0.0130114
28.79 1.03094 0.0130289
28.8 1.03019 0.0130462
28.81 1.02926 0.0130635
28.82 1.02812 0.0130807
28.83 1.02673 0.0130978
28.84 1.02508 0.0131148
28.85 1.02311 0.0131317
28.86 1.02079 0.0131484
28.87 1.01811 0.0131651
28.88 1.01501 0.0131815
28.89 1.01146 0.0131979
28.9 1.00745 0.013214
28.91 1.00293 0.01323
28.92 0.997888 0.0132458
28.93 0.992297 0.0132614
28.94 0.98614 0.0132767
28.95 0.979407 0.0132918
28.96 0.972091 0.0133067
28.97 0.964194 0.0133212
28.98 0.955724 0.0133355
28.99 0.946697 0.0133495
29 0.937141 0.0133632
29.01 0.927088 0.0133765
29.02 0.916585 0.0133895
29.03 0.905683 0.0134022
29.04 0.894446 0.0134144
29.05 0.882942 0.0134263
29.06 0.87125 0.0134378
29.07 0.859452 0.0134488
29.08 0.847634 0.0134595
29.09 0.835886 0.0134697
29.1 0.824294 0.0134795
29.11 0.812945 0.0134889
29.12 0.801918 0.0134978
29.13 0.791287 0.0135063
29.14 0.781115 0.0135144
29.15 0.771454 0.013522
29.16 0.762344 0.0135293
29.17 0.753812 0.0135361
29.18 0.745871 0.0135425
29.19 0.73852 0.0135485
29.2 0.731746 0.0135542
29.21 0.725525 0.0135595
29.22 0.719822 0.0135644
29.23 0.714594 0.013569
29.24 0.709792 0.0135733
29.25 0.70536 0.0135773
29.26 0.701243 0.013581
29.27 0.697381 0.0135844
29.28 0.693716 0.0135875
29.29 0.69019 0.0135904
29.3 0.686748 0.0135931
29.31 0.683338 0.0135955
29.32 0.679911 0.0135978
29.33 0.676422 0.0135998
29.34 0.672829 0.0136017
29.35 0.669094 0.0136034
29.36 0.665183 0.013605
29.37 0.661067 0.0136065
29.38 0.656719 0.0136078
29.39 0.652115 0.0136089
29.4 0.647235 0.01361
29.41 0.642061 0.013611
29.42 0.636578 0.0136119
29.43 0.630772 0.0136127
29.44 0.624632 0.0136134
29.45 0.618149 0.013614
29.46 0.611316 0.0136146
29.47 0.604125 0.0136151
29.48 0.596572 0.0136156
29.49 0.588653 0.013616
29.5 0.580364 0.0136164
29.51 0.571704 0.0136167
29.52 0.562671 0.013617
29.53 0.553263 0.0136173
29.54 0.543482 0.0136175
29.55 0.533327 0.0136177
29.56 0.522799 0.0136179
29.57 0.511899 0.013618
29.58 0.500629 0.0136182
29.59 0.488992 0.0136183
29.6 0.476989 0.0136184
29.61 0.464622 0.0136185
29.62 0.451896 0.0136185
29.63 0.438813 0.0136186
29.64 0.425376 0.0136187
29.65 0.411589 0.0136187
29.66 0.397456 0.0136187
29.67 0.38298 0.0136188
29.68 0.368166 0.0136188
29.69 0.353019 0.0136188
29.7 0.337542 0.0136188
29.71 0.32174 0.0136188
29.72 0.305618 0.0136188
29.73 0.289181 0.0136188
29.74 0.272434 0.0136188
29.75 0.255382 0.0136188
29.76 0.23803 0.0136188
29.77 0.220384 0.0136188
29.78 0.202449 0.0136188
29.79 0.184231 0.0136188
29.8 0.165735 0.0136188
29.81 0.146968 0.0136188
29.82 0.127934 0.0136188
29.83 0.108641 0.0136188
29.84 0.0890936 0.0136188
29.85 0.069299 0.0136188
29.86 0.0492635 0.0136188
29.87 0.0289954 0.0136188
29.88 0.00852068 0.0136188
29.89 0.0122685 0.0136188
29.9 0.0331923 0.0136188
29.91 0.0543386 0.0136189
29.92 0.07569 0.0136189
29.93 0.0972384 0.0136189
29.94 0.118977 0.013619
29.95 0.140898 0.013619
29.96 0.162995 0.0136191
29.97 0.185262 0.0136191
29.98 0.207691 0.0136192
29.99 0.230274 0.0136193
