0.004428328418959738
0.0042863705978472616
0.004417019940989823
0.004572965683003037
0.00453831871326906
0.004312134454800648
0.004168812056181265
0.004169038510380031
0.004296153994996331
0.0045085960872744985
0.004691149436595706
0.004705596331938668
0.004645962229068309
0.0044115446565544765
0.004196999114998108
0.004059680197592026
0.00402140417064778
0.004068130936025105
0.004181216446109125
0.004364479457437665
0.004592052098385064
0.004790965572345327
0.004881163189205994
0.004824778505326906
0.004754539661135902
0.004518246439808141
0.0042799048858080625
0.0040805445870446475
0.003949154487864864
0.003896435778517216
0.003912528388296139
0.003974319878875342
0.004068595659162485
0.004219861642164983
0.004431047288152533
0.004669490936408079
0.004883396073309857
0.005018295922972261
0.005039089789168076
0.00494250586410026
0.00486599470696052
0.004627966436848173
0.004379096591974238
0.004148795610407894
0.003961877557599823
0.0038357191592054505
0.003776704948178583
0.0037780454007864555
0.003822610787140577
0.0038875487756168036
0.003955684598383852
0.004076407413029486
0.0042612930436095615
0.004492620800049881
0.004741811889383845
0.004970414969201357
0.005137607593295084
0.005213002934197431
0.005185248442107708
0.005061993211649754
0.004981967867331906
0.004741712590839882
0.004486621655060861
0.0042386555333738495
0.004017787084816681
0.0038406820956163887
0.003719138946386942
0.0036574243973598155
0.0036503700607914613
0.0036849979487199535
0.003744426037878411
0.003808651254026443
0.003835443179620996
0.003930814581766329
0.004090619387286176
0.0043020850428275945
0.0045492987555348224
0.004809440674328934
0.005052629359891366
0.005246235732739346
0.0053636047196890186
0.005390956556035245
0.005328019930604498
0.00518523404031688
0.005104283965416299
0.0048612396381575215
0.004601390827504247
0.004341739786132763
0.004098465876991132
0.003886090305124471
0.0037168614494500585
0.0035995224015430627
0.003537062196971224
0.003525122118098835
0.003553048183265085
0.003606933577949207
0.003671613128631734
0.0037252814553931975
0.003705019010019579
0.0037812082822298605
0.00391932788391687
0.004108982670521963
0.0043407703771261505
0.00460145841807566
0.00487266315393853
0.005130311734712003
0.00534716289378245
0.005499252231788625
0.005571980468662913
0.005561414444554008
0.005471985221845587
0.005314118940359048
0.005234677088675276
0.004988354603608136
0.004724197460369045
0.004455723250876812
0.0041962438587518774
0.003958262335923545
0.0037530986809181143
0.0035904327103534798
0.003477096505025266
0.003415154941570143
0.0034006259200396603
0.003424248545328387
0.003473937521053033
0.0035368136796380257
0.0035984820822674186
0.003633224615965028
0.0035747865213977166
0.003629356060555206
0.0037474946766110494
0.003916100727913246
0.004128600465246655
0.004376773390424099
0.004649488858392428
0.004931741342616513
0.005203656321202451
0.005441825437361521
0.005624253682602519
0.005735934121096304
0.005770849424985309
0.005730271436731438
0.005620278885556062
0.00545042295890783
0.005374580787641748
0.00512471259939914
0.004856358219644998
0.0045805282110041165
0.004308326163197916
0.0040505557889610804
0.0038174464134292894
0.0036184121095093782
0.0034614888521174478
0.0033521345242778795
0.003291649331485287
0.003276185051333758
0.003297363213696885
0.0033443473827260155
0.0034057896120045185
0.0034701004137321165
0.0035230822883979152
0.003537356067165316
0.003445459814119303
0.0034777390044407
0.003576188368214523
0.003724525242937081
0.003916979767023794
0.00414792196128481
0.004409988878369882
0.004693780971723623
0.0049869597323762066
0.005272869178086327
0.005531023981963666
0.005740961342354194
0.005887374983520646
0.005962726822015222
0.005966282915247668
0.005901717080614054
0.005775366359863446
0.005595698198757997
0.005525377897295624
0.005271828089621248
0.004999292028030559
0.0047169239277109875
0.004434091658767975
0.004160158001233257
0.003904321100147012
0.003675462404529482
0.003481804242980061
0.003330179950600953
0.0032249287134427235
0.0031666653822221063
0.003151533384458711
0.0031717308788822276
0.0032173212285748717
0.0032780738029705566
0.0033440201709376907
0.003390627661683469
0.003422171175383495
0.0034157169847849576
0.0032968342973961526
0.003311205060254297
0.003397063214550706
0.003535399281632112
0.0037077737934405573
0.003919774551864111
0.0041662475580075695
0.004440552656239798
0.004734738585788839
0.005038644216621235
0.005338205657601829
0.005615302013905286
0.005850756631513352
0.006029040950623305
0.006141323802475818
0.006185277375407727
0.006162992016757066
0.006079014849934995
0.005939362093012923
0.0057514461439665595
0.005688461967399158
0.005431146214168482
0.005154410174234443
0.004865993301838227
0.004573876567651204
0.004286184287683421
0.004011137168965087
0.0037570063418741985
0.0035318969142366196
0.003343188582380089
0.003196700499324375
0.00309577861985617
0.00304040023334147
0.0030266156682165375
0.0030470048238868414
0.003092299778030109
0.0031483897964036415
0.003193313832257695
0.00324983184500441
0.0033015440879133467
0.0033324195342316525
0.003313053120878709
0.0031692619424481105
0.0031631447929834364
0.0032236235341865965
0.0033316387965655484
0.00348518006479302
0.0036912137423562707
0.0039233467189733265
0.004183336828866867
0.004468729472581085
0.00477278555398828
0.005087168439362226
0.005399985736135302
0.0056951207452482205
0.005954550667356575
0.006162631209885168
0.006309399567896452
0.006391067434670703
0.006408411015312642
0.006364795588573289
0.006264888982580328
0.00611418927701653
0.005919166217822156
0.005865251247269695
0.00560409237098545
0.0053231091456372665
0.0050289397733522204
0.004728444457779661
0.00442868160677529
0.004136943737179894
0.0038608191407126903
0.0036081256490971053
0.003386494418191061
0.003202589414982157
0.003061279185018804
0.002964985534688835
0.0029130857500112703
0.00290148733293735
0.002923022095637927
0.002955131174988807
0.0029986387761543488
0.003060410932092833
0.0031259224227905245
0.0031850595842359687
0.0032292711429516637
0.003246702406838424
0.0032093258732545623
0.003041618929516574
0.003020241654207566
0.0030666517278560334
0.0031579907676261114
0.0032886258767776486
0.003456793494578121
0.003663245759129228
0.003916203404041135
0.004199200635538044
0.0044948577347418235
0.004808368361034194
0.005132953942710885
0.005458598157598413
0.005770943690787788
0.006053049709028318
0.006289286502802013
0.006468742210126402
0.006586248488175947
0.006641300664682392
0.006636261075590245
0.006574918425758492
0.006461736307180699
0.006301667976629508
0.006100371423811626
0.006057201757291217
0.005792105437474108
0.00550679209120542
0.005207030937905487
0.004898770435864208
0.004588157588702416
0.0042816225744593366
0.003986018772923558
0.0037087033929348165
0.003457323844086966
0.003239144553329519
0.0030601172207616553
0.0029241702676300325
0.0028328497394694255
0.002784968975244298
0.0027762649659586612
0.0027799280196038386
0.0028140515231240516
0.0028710349764762976
0.0029375077361849552
0.0030036854325887884
0.0030628579344765838
0.003109693280437125
0.0031391331163830756
0.003140804899449302
0.003085714334413102
0.0028962218317581598
0.0028611973328957476
0.0028966644953268327
0.0029780557643835958
0.003097598728446714
0.0032511854652320375
0.0034376954325675583
0.0036561208844554474
0.003907156080562184
0.004197906016627303
0.004519320797455054
0.004841956104506822
0.005176467377384447
0.005514498524864926
0.005843276555452685
0.006146898221008509
0.006409880703001487
0.006620575559765987
0.00677255679705536
0.0068640212417746885
0.006896298216258481
0.006872420897290014
0.006796190394688319
0.00667175702300929
0.0065035716320429055
0.006296603339134073
0.0062658265611642856
0.005996667791964837
0.005706898474604437
0.0054015961477195595
0.005085965067530884
0.004765380170248407
0.004445494129791901
0.0041324191783708485
0.0038329134290612634
0.0035543748262136096
0.003304397368587003
0.0030898596479247936
0.002915948053676766
0.002785646546826958
0.002699669319601586
0.0026463438491048986
0.0026281556454724603
0.002645723957815041
0.0026900002717875193
0.002749260209611296
0.002813555354700526
0.0028763089041372557
0.0029327650052792995
0.002980474762687276
0.003016334736999731
0.003034679473621792
0.00302374798771648
0.002952991769258802
0.002743409102225723
0.0026945764403051957
0.0027174687300764314
0.002786393642933598
0.002893874086433656
0.003036647773729698
0.003212288762100881
0.003417879233797848
0.0036525818209622533
0.003914133451330195
0.004203446046728451
0.004524524483982021
0.0048664376019096536
0.005218216654516543
0.005568204464616042
0.005912683606987553
0.006236753669515446
0.006525194410758269
0.0067658425167819985
0.006951197332558845
0.007078187552080872
0.0071470214994465275
0.007159912866729626
0.0071200867894275
0.007031188775919512
0.006897046217587812
0.0067216720689990475
0.006509452745514803
0.006492719556649874
0.006219334861159249
0.0059249349103528935
0.00561404373423119
0.005291257659222123
0.0049613039173773636
0.004629153349173275
0.004300215105851602
0.0039805796645716275
0.00367716971755382
0.003397560982243427
0.0031492858931153438
0.002938750286042168
0.0027703068127808783
0.002640035525506754
0.002549215322095849
0.0025043067085004653
0.002498556002453934
0.0025231636326283847
