4.670935135135136917e-01
5.004175675675677226e-01
5.337416216216217535e-01
5.670656756756757844e-01
6.003897297297299263e-01
6.337137837837839571e-01
6.670378378378379880e-01
7.003618918918920189e-01
7.336859459459461608e-01
7.670100000000001916e-01
8.003340540540542225e-01
8.336581081081082534e-01
8.669821621621622842e-01
9.003062162162163151e-01
9.336302702702703460e-01
9.669543243243244879e-01
1.000278378378378630e+00
1.033602432432432661e+00
1.066926486486486692e+00
1.100250540540540722e+00
1.133574594594594753e+00
1.166898648648648784e+00
1.200222702702702815e+00
1.233546756756756846e+00
1.266870810810810877e+00
1.300194864864864908e+00
1.333518918918918938e+00
1.366842972972972969e+00
1.400167027027027000e+00
1.433491081081081031e+00
1.466815135135135284e+00
1.500139189189189315e+00
1.533463243243243346e+00
1.566787297297297377e+00
1.600111351351351408e+00
1.633435405405405438e+00
1.666759459459459469e+00
1.700083513513513500e+00
1.733407567567567753e+00
1.766731621621621784e+00
1.800055675675675815e+00
1.833379729729729846e+00
1.866703783783783877e+00
1.900027837837837907e+00
1.933351891891891938e+00
1.966675945945945969e+00
2.000000000000000000e+00
2.033319999999999794e+00
2.066650000000000098e+00
2.099969999999999892e+00
2.133300000000000196e+00
2.166619999999999990e+00
2.199939999999999785e+00
2.233270000000000088e+00
2.266589999999999883e+00
2.299920000000000186e+00
2.333239999999999981e+00
2.366560000000000219e+00
2.399890000000000079e+00
2.433209999999999873e+00
2.466540000000000177e+00
2.499859999999999971e+00
2.533180000000000209e+00
2.566510000000000069e+00
2.599829999999999863e+00
2.633160000000000167e+00
2.666479999999999961e+00
2.699809999999999821e+00
2.733130000000000059e+00
2.766449999999999854e+00
2.799780000000000157e+00
2.833099999999999952e+00
2.866429999999999811e+00
2.899750000000000050e+00
2.933069999999999844e+00
2.966400000000000148e+00
2.999719999999999942e+00
3.033049999999999802e+00
3.066370000000000040e+00
3.099689999999999834e+00
3.133020000000000138e+00
3.166339999999999932e+00
3.199669999999999792e+00
3.232990000000000030e+00
3.266309999999999825e+00
3.299640000000000128e+00
3.332959999999999923e+00
3.366289999999999782e+00
3.399610000000000021e+00
3.432929999999999815e+00
3.466260000000000119e+00
3.499579999999999913e+00
3.532910000000000217e+00
3.566230000000000011e+00
3.599549999999999805e+00
3.632880000000000109e+00
3.666199999999999903e+00
3.699530000000000207e+00
3.732850000000000001e+00
3.766169999999999796e+00
3.799500000000000099e+00
3.832819999999999894e+00
3.866150000000000198e+00
3.899469999999999992e+00
3.932799999999999851e+00
3.966120000000000090e+00
3.999439999999999884e+00
4.032770000000000188e+00
4.066089999999999982e+00
4.099420000000000286e+00
4.132740000000000080e+00
4.166059999999999874e+00
4.199390000000000178e+00
4.232709999999999972e+00
4.266040000000000276e+00
4.299360000000000070e+00
4.332679999999999865e+00
4.366010000000000169e+00
4.399329999999999963e+00
4.432660000000000267e+00
4.465980000000000061e+00
4.499299999999999855e+00
4.532630000000000159e+00
4.565949999999999953e+00
4.599280000000000257e+00
4.632600000000000051e+00
4.665919999999999845e+00
4.699250000000000149e+00
4.732569999999999943e+00
4.765900000000000247e+00
4.799220000000000041e+00
4.832539999999999836e+00
4.865870000000000140e+00
4.899189999999999934e+00
4.932520000000000238e+00
4.965840000000000032e+00
4.999159999999999826e+00
5.032490000000000130e+00
5.065809999999999924e+00
5.099140000000000228e+00
5.132460000000000022e+00
5.165790000000000326e+00
5.199110000000000120e+00
5.232429999999999914e+00
5.265760000000000218e+00
5.299080000000000013e+00
5.332410000000000316e+00
5.365730000000000111e+00
5.399049999999999905e+00
5.432380000000000209e+00
5.465700000000000003e+00
5.499030000000000307e+00
5.532350000000000101e+00
5.565669999999999895e+00
5.599000000000000199e+00
5.632319999999999993e+00
5.665650000000000297e+00
5.698970000000000091e+00
5.732294054054054122e+00
5.765618108108108153e+00
5.798942162162162184e+00
5.832266216216216215e+00
5.865590270270270246e+00
5.898914324324324276e+00
5.932238378378378307e+00
5.965562432432432338e+00
5.998886486486486369e+00
6.032210540540540400e+00
6.065534594594594431e+00
6.098858648648649350e+00
6.132182702702703381e+00
6.165506756756757412e+00
6.198830810810811442e+00
6.232154864864865473e+00
6.265478918918919504e+00
6.298802972972973535e+00
6.332127027027027566e+00
6.365451081081081597e+00
6.398775135135135628e+00
6.432099189189189659e+00
6.465423243243243689e+00
6.498747297297297720e+00
6.532071351351351751e+00
