0.004428328418959738
0.0042863705978472616
0.004417019940989823
0.004572965683003037
0.00453831871326906
0.004312134454800648
0.004168812056181265
0.004169038510380031
0.004296153994996331
0.0045085960872744985
0.004691149436595706
0.004705596331938668
0.004645962229068309
0.0044115446565544765
0.004196999114998108
0.004059680197592026
0.00402140417064778
0.004068130936025105
0.004181216446109125
0.004364479457437665
0.004592052098385064
0.004790965572345327
0.004881163189205994
0.004824778505326906
0.004754539661135902
0.004518246439808141
0.0042799048858080625
0.0040805445870446475
0.003949154487864864
0.003896435778517216
0.003912528388296139
0.003974319878875342
0.004068595659162485
0.004219861642164983
0.004431047288152533
0.004669490936408079
0.004883396073309857
0.005018295922972261
0.005039089789168076
0.00494250586410026
0.00486599470696052
0.004627966436848173
0.004379096591974238
0.004148795610407894
0.003961877557599823
0.0038357191592054505
0.003776704948178583
0.0037780454007864555
0.003822610787140577
0.0038875487756168036
0.003955684598383852
0.004076407413029486
0.0042612930436095615
0.004492620800049881
0.004741811889383845
0.004970414969201357
0.005137607593295084
0.005213002934197431
0.005185248442107708
0.005061993211649754
0.004981967867331906
0.004741712590839882
0.004486621655060861
0.0042386555333738495
0.004017787084816681
0.0038406820956163887
0.003719138946386942
0.0036574243973598155
0.0036503700607914613
0.0036849979487199535
0.003744426037878411
0.003808651254026443
0.003835443179620996
0.003930814581766329
0.004090619387286176
0.0043020850428275945
0.0045492987555348224
0.004809440674328934
0.005052629359891366
0.005246235732739346
0.0053636047196890186
0.005390956556035245
0.005328019930604498
0.00518523404031688
0.005104283965416299
0.0048612396381575215
0.004601390827504247
0.004341739786132763
0.004098465876991132
0.003886090305124471
0.0037168614494500585
0.0035995224015430627
0.003537062196971224
0.003525122118098835
0.003553048183265085
0.003606933577949207
0.003671613128631734
0.0037252814553931975
0.003705019010019579
0.0037812082822298605
0.00391932788391687
0.004108982670521963
0.0043407703771261505
0.00460145841807566
0.00487266315393853
0.005130311734712003
0.00534716289378245
0.005499252231788625
0.005571980468662913
0.005561414444554008
0.005471985221845587
0.005314118940359048
0.005234677088675276
0.004988354603608136
0.004724197460369045
0.004455723250876812
0.0041962438587518774
0.003958262335923545
0.0037530986809181143
0.0035904327103534798
0.003477096505025266
0.003415154941570143
0.0034006259200396603
0.003424248545328387
0.003473937521053033
0.0035368136796380257
0.0035984820822674186
0.003633224615965028
0.0035747865213977166
0.003629356060555206
0.0037474946766110494
0.003916100727913246
0.004128600465246655
0.004376773390424099
0.004649488858392428
0.004931741342616513
0.005203656321202451
0.005441825437361521
0.005624253682602519
0.005735934121096304
0.005770849424985309
0.005730271436731438
0.005620278885556062
0.00545042295890783
0.005374580787641748
0.00512471259939914
0.004856358219644998
0.0045805282110041165
0.004308326163197916
0.0040505557889610804
0.0038174464134292894
0.0036184121095093782
0.0034614888521174478
0.0033521345242778795
0.003291649331485287
0.003276185051333758
0.003297363213696885
0.0033443473827260155
0.0034057896120045185
0.0034701004137321165
0.0035230822883979152
0.003537356067165316
0.003445459814119303
0.0034777390044407
0.003576188368214523
0.003724525242937081
0.003916979767023794
0.00414792196128481
0.004409988878369882
0.004693780971723623
0.0049869597323762066
0.005272869178086327
0.005531023981963666
0.005740961342354194
0.005887374983520646
0.005962726822015222
0.005966282915247668
0.005901717080614054
0.005775366359863446
0.005595698198757997
0.005525377897295624
0.005271828089621248
0.004999292028030559
0.0047169239277109875
0.004434091658767975
0.004160158001233257
0.003904321100147012
0.003675462404529482
0.003481804242980061
0.003330179950600953
0.0032249287134427235
0.0031666653822221063
0.003151533384458711
0.0031717308788822276
0.0032173212285748717
0.0032780738029705566
0.0033440201709376907
0.003390627661683469
0.003422171175383495
0.0034157169847849576
0.0032968342973961526
0.003311205060254297
0.003397063214550706
0.003535399281632112
0.0037077737934405573
0.003919774551864111
0.0041662475580075695
0.004440552656239798
0.004734738585788839
0.005038644216621235
0.005338205657601829
0.005615302013905286
0.005850756631513352
0.006029040950623305
0.006141323802475818
0.006185277375407727
0.006162992016757066
0.006079014849934995
0.005939362093012923
0.0057514461439665595
0.005688461967399158
0.005431146214168482
0.005154410174234443
0.004865993301838227
0.004573876567651204
0.004286184287683421
0.004011137168965087
0.0037570063418741985
0.0035318969142366196
0.003343188582380089
0.003196700499324375
0.00309577861985617
0.00304040023334147
0.0030266156682165375
0.0030470048238868414
0.003092299778030109
0.0031483897964036415
0.003193313832257695
0.00324983184500441
0.0033015440879133467
0.0033324195342316525
0.003313053120878709
0.0031692619424481105
0.0031631447929834364
0.0032236235341865965
0.0033316387965655484
0.00348518006479302
0.0036912137423562707
0.0039233467189733265
0.004183336828866867
0.004468729472581085
0.00477278555398828
0.005087168439362226
0.005399985736135302
0.0056951207452482205
0.005954550667356575
0.006162631209885168
0.006309399567896452
0.006391067434670703
0.006408411015312642
0.006364795588573289
0.006264888982580328
0.00611418927701653
0.005919166217822156
0.005865251247269695
0.00560409237098545
0.0053231091456372665
0.0050289397733522204
0.004728444457779661
0.00442868160677529
0.004136943737179894
0.0038608191407126903
0.0036081256490971053
0.003386494418191061
0.003202589414982157
0.003061279185018804
0.002964985534688835
0.0029130857500112703
0.00290148733293735
0.002923022095637927
0.002955131174988807
0.0029986387761543488
0.003060410932092833
0.0031259224227905245
0.0031850595842359687
0.0032292711429516637
0.003246702406838424
0.0032093258732545623
0.003041618929516574
0.003020241654207566
0.0030666517278560334
0.0031579907676261114
0.0032886258767776486
0.003456793494578121
0.003663245759129228
0.003916203404041135
0.004199200635538044
0.0044948577347418235
0.004808368361034194
0.005132953942710885
0.005458598157598413
0.005770943690787788
0.006053049709028318
0.006289286502802013
0.006468742210126402
0.006586248488175947
0.006641300664682392
0.006636261075590245
0.006574918425758492
0.006461736307180699
0.006301667976629508
0.006100371423811626
0.006057201757291217
0.005792105437474108
0.00550679209120542
0.005207030937905487
0.004898770435864208
0.004588157588702416
0.0042816225744593366
0.003986018772923558
0.0037087033929348165
0.003457323844086966
0.003239144553329519
0.0030601172207616553
0.0029241702676300325
0.0028328497394694255
0.002784968975244298
0.0027762649659586612
0.0027799280196038386
0.0028140515231240516
0.0028710349764762976
0.0029375077361849552
0.0030036854325887884
0.0030628579344765838
0.003109693280437125
0.0031391331163830756
0.003140804899449302
0.003085714334413102
0.0028962218317581598
0.0028611973328957476
0.0028966644953268327
0.0029780557643835958
0.003097598728446714
0.0032511854652320375
0.0034376954325675583
0.0036561208844554474
0.003907156080562184
0.004197906016627303
0.004519320797455054
0.004841956104506822
0.005176467377384447
0.005514498524864926
0.005843276555452685
0.006146898221008509
0.006409880703001487
0.006620575559765987
0.00677255679705536
0.0068640212417746885
0.006896298216258481
0.006872420897290014
0.006796190394688319
0.00667175702300929
0.0065035716320429055
0.006296603339134073
0.0062658265611642856
0.005996667791964837
0.005706898474604437
0.0054015961477195595
0.005085965067530884
0.004765380170248407
0.004445494129791901
0.0041324191783708485
0.0038329134290612634
0.0035543748262136096
0.003304397368587003
0.0030898596479247936
0.002915948053676766
0.002785646546826958
0.002699669319601586
0.0026463438491048986
0.0026281556454724603
0.002645723957815041
0.0026900002717875193
0.002749260209611296
0.002813555354700526
0.0028763089041372557
0.0029327650052792995
0.002980474762687276
0.003016334736999731
0.003034679473621792
0.00302374798771648
0.002952991769258802
0.002743409102225723
0.0026945764403051957
0.0027174687300764314
0.002786393642933598
0.002893874086433656
0.003036647773729698
0.003212288762100881
0.003417879233797848
0.0036525818209622533
0.003914133451330195
0.004203446046728451
0.004524524483982021
0.0048664376019096536
0.005218216654516543
0.005568204464616042
0.005912683606987553
0.006236753669515446
0.006525194410758269
0.0067658425167819985
0.006951197332558845
0.007078187552080872
0.0071470214994465275
0.007159912866729626
0.0071200867894275
0.007031188775919512
0.006897046217587812
0.0067216720689990475
0.006509452745514803
0.006492719556649874
0.006219334861159249
0.0059249349103528935
0.00561404373423119
0.005291257659222123
0.0049613039173773636
0.004629153349173275
0.004300215105851602
0.0039805796645716275
0.00367716971755382
0.003397560982243427
0.0031492858931153438
0.002938750286042168
0.0027703068127808783
0.002640035525506754
0.002549215322095849
0.0025043067085004653
0.002498556002453934
0.0025231636326283847
0.002568220159040825
0.002624124223230309
0.002684288058093501
0.0027436575920476523
0.0027995857049635006
0.002849804571342452
0.0028915816777729487
0.0029207586938587568
0.002930471071797149
0.002908026785260625
0.002822113981206874
0.0025932848042944795
0.0025311844139978674
0.002541465103600754
0.002596787147970563
0.0026894113714283643
0.0028167178592079603
0.0029774670238772987
0.0031703895229274553
0.003393681016921804
0.003644442742621657
0.003921412033535164
0.004220634418623651
0.004543291329967948
0.004888940229702115
0.005245556221041921
0.0056131322251724534
0.005979791972836657
0.006323322409227608
0.006636012230001062
0.006905390493064891
0.0071231064964362885
0.00728493073835262
0.0073899010425041755
0.007439282189937617
0.007435642625962285
0.007382182079807627
0.007282343405521388
0.0071396618153223386
0.006957778191040045
0.0067405841259544855
0.006739577902184134
0.00646176182850008
0.006162504396035614
0.00584588533034262
0.005516004952994574
0.005177052427659798
0.0048334145509937535
0.004489864858908257
0.004151824926669451
0.003825608012590336
0.003518456181379575
0.0032381428207221116
0.0029920513933532687
0.00278051765203045
0.0026115543238565257
0.002488337934702564
0.002411286247198157
0.0023760931357412816
0.0023749154329154296
0.002399492497578599
0.0024412562224768544
0.00249359899401426
0.0025511618900936335
0.0026104012664633896
0.0026685017328891085
0.002722733397603088
0.0027700469905716694
0.0028068457038744657
0.0028285340043256698
0.0028281625415459265
0.0027929890181060645
0.0026914380047660725
0.0024441195383148413
0.0023701209781264317
0.0023696434289780773
0.002413428158215007
0.0024927589305131824
0.0026045869025011674
0.002747985786794046
0.002922828328722355
0.00312892230346505
0.0033654426557884463
0.003630556713039489
0.003921433002105304
0.004235831300021409
0.00456857508593926
0.004920466993652678
0.005286492141662959
0.005654820790780106
0.006025845302880734
0.006396903947079343
0.006743172321681099
0.007040081806523042
0.007289139610653258
0.007485137827990772
0.007625975069478812
0.007711860119757515
0.007744554000977107
0.007726721905058245
0.007661459555830541
0.007552015049490664
0.007401674913634926
0.0072137667743635584
0.00699175788620238
0.007008224701767336
0.0067257306612466105
0.0064213369294752465
0.006098765623944568
0.0057617133519883195
0.005413927033290992
0.005059303798286471
0.004702063900678162
0.004347005501918507
0.003999789070942486
0.0036671159589138354
0.003353343532723158
0.0030691079637165204
0.002824968659290586
0.0026228338466826938
0.002463973207815854
0.002350456018978933
0.002280692214161284
0.002248536803572154
0.0022472023948285846
0.0022696084104651118
0.0023092636672972172
0.0023605840990131846
0.002419004681483733
0.0024807427737999982
0.0025422631401665176
0.002600229307999995
0.002651471498852156
0.002692981444164829
0.0027215879341898996
0.00273314421349702
0.0027209308533353376
0.0026721542532018704
0.0025549364873277097
0.0022902882696265283
0.002205797239128538
0.002196346099661712
0.002230942482857153
0.0022999438233447566
0.0023996374042439
0.0025286267998869535
0.002686605442741852
0.0028738178116347744
0.0030906662463719412
0.003337188761629318
0.0036127561743425594
0.0039153282974219855
0.004242300650331284
0.004590023731402836
0.004952892746149315
0.005330373185127261
0.005713714713819193
0.0060917354813859155
0.006464056002150144
0.00682625493280207
0.007160406967537716
0.0074479529187671395
0.0076796361233751696
0.007856066873355888
0.00797859753350363
0.008048037218032435
0.008066356595662506
0.008036211594108675
0.0079605832540235
0.007842555163078947
0.007685209245522352
0.007491608894604851
0.007264851760542364
0.007300635276766022
0.007013180919003428
0.006703324373778057
0.006374498364930782
0.006030071520221881
0.005673431635657773
0.005308074534421951
0.0049377549987067665
0.004566001676965617
0.004194949025709425
0.003835033896123061
0.0034953989452759255
0.003184952087064352
0.002909724303968385
0.00267234782845888
0.002475248884000461
0.00232209688026888
0.0022138677070043084
0.0021465809288997474
0.00211488405678176
0.0021132946286270306
0.0021357274536485654
0.0021764012711732316
0.002229884664414331
0.002291340325828197
0.002356220544650592
0.002420479251819967
0.002480612091011353
0.0025337739533507976
0.0025776622150226075
0.0026101465573169992
0.002628647452896238
0.0026292076522467715
0.0026049613878076864
0.002542800139953485
0.0024104875351289743
0.002129852263234884
0.002036022912069872
0.0020187086485593253
0.0020453852763330574
0.0021057076523253093
0.0021955551297025834
0.002313216764758686
0.002458053366513028
0.0026299815886676294
0.0028292580961030186
0.003056336472664566
0.003311671561428129
0.0035952497126007423
0.00390648467369248
0.004243100198935965
0.004602674255309621
0.004980106974368537
0.0053699327198371205
0.005769594413288406
0.006167801427386424
0.006553973896105802
0.006926486553056834
0.007279875001183943
0.007598927550438969
0.007868548152945699
0.008082338605646302
0.008240884476651729
0.008346947543089197
0.008402222167469445
0.008408048196913504
0.008367075427053514
0.00828219114217553
0.008156351773097485
0.007992474016630148
0.007793395450621745
0.00756188458698371
0.007618966029444385
0.007326243787953848
0.007010559501381019
0.006675269502278714
0.006323223481189839
0.005957221929770607
0.005580134251011086
0.00519518663375873
0.004806415199248576
0.004419156038802949
0.004040316684579497
0.0036780006588750204
0.0033400796398699597
0.003032264642767514
0.002757957031826692
0.002520833075184993
0.0023260284752870193
0.002176740492513952
0.0020712720989187047
0.0020057454845761216
0.0019761558274747674
0.0019771372758901284
0.0020027752930005752
0.002047056010958857
0.002104198913701971
0.0021687068822879266
0.0022357141806012546
0.002301122082154188
0.002361765593862318
0.0024153544782909864
0.0024602282152433683
0.002494955536581664
0.0025178434394308477
0.0025263592472676843
0.002516329812854357
0.0024805416592658057
0.0024055353244281483
0.002258808706971885
0.001963448517868987
0.0018613565147006178
0.0018371054356705098
0.0018567093600777673
0.0019091762788029027
0.0019900828176475467
0.002097609758692495
0.0022310919085586733
0.0023903868101743404
0.002575584549315878
0.00278689500616824
0.003024614790566819
0.0032890756359382463
0.003580545755570822
0.0038988051954535158
0.0042430954750638135
0.004610985608692317
0.0049999432100282775
0.005403772250824517
0.005817305930303355
0.00623581666362872
0.0066465976994633654
0.00703949206071474
0.00741162478332978
0.007757081838676617
0.008063102032534242
0.008317393276966028
0.008514629154677576
0.00865564771810219
0.008743748729031943
0.008782376007843828
0.008774459477882135
0.008722500318332079
0.008628825037608298
0.008495779230744198
0.008325790942345987
0.008121361352993716
0.007885041422597137
0.007976440257809537
0.007678824591029619
0.007357632647154477
0.00701567465376166
0.00665558054142777
0.006279941652523821
0.005891480848742017
0.005493318545575084
0.0050893315843302984
0.004684520162849763
0.004285178759730423
0.0038985357893464084
0.003531621449157134
0.003189943483567278
0.0028776537251597786
0.002599616405903623
0.002362232699322546
0.0021704990831786816
0.0020248390131735014
0.0019228636997863516
0.0018618554680577297
0.0018373969052827223
0.0018436278643484453
0.0018742626770970757
0.0019228503381890963
0.001983143266618689
0.0020495040510842316
0.0021171592043617905
0.0021823934747024288
0.0022425361392650126
0.002295785521053626
0.0023409026537951723
0.002376856925992915
0.0024024720604789275
0.002416054002541011
0.0024149149126215397
0.0023946301461631753
0.0023476802035340034
0.0022603180558288145
0.0020998718460804883
0.0017910668165484625
0.0016818760105099563
0.001651739360846739
0.0016652600480534215
0.0017108023384342468
0.0017836113624868125
0.001881735096423969
0.0020045231300642547
0.0021519523641687147
0.00232427172803088
0.0025217948333286964
0.0027447886819838385
0.0029934421832409834
0.0032678828142107337
0.0035681587747175125
0.003894187092921822
0.004245443901322137
0.004620753827198643
0.005017612150823706
0.005432992120356316
0.005860108654193983
0.006293969595963721
0.0067279848525177415
0.007148923632163351
0.0075469479405116955
0.007918184896137418
0.008256705384054895
0.00855191421488014
0.00879382866172734
0.008978008541812412
0.00910537651526076
0.00917944265394116
0.009204173926756236
0.009183144741864479
0.009119416446793704
0.009015664175092851
0.00887432508404724
0.008697689011189643
0.008487920368566127
0.008247010411790877
0.00838410621663897
0.008080785865979826
0.007752957623539337
0.007403157635567939
0.007033761981610207
0.006647158651587399
0.006245920544886031
0.005833040727419071
0.005412224445498977
0.004988164919828773
0.004566634310031084
0.004154142779909861
0.0037570707526993164
0.003380839477300218
0.0030302971649691993
0.0027113402288397445
0.0024313790169950664
0.002196766231027314
0.0020097162184877096
0.0018692754946895466
0.0017738617937724103
0.001720138917151597
0.0017026061514333938
0.0017150093671846113
0.0017506027710361464
0.001802647416926424
0.0018648814966086857
0.0019318673716780203
0.001999215973327102
0.002063635649099602
0.0021228288598734335
0.002175270349198493
0.002219940271206785
0.0022560607289756796
0.002282842893173489
0.0022992151920283852
0.0023034824687019183
0.0022928459684530547
0.0022626569941963854
0.0022050899893543223
0.002106099960221832
0.00193287447627775
0.0016121116647825294
0.0014970814095207415
0.0014621386489817774
0.0014705728257503217
0.0015101623193481332
0.0015758422196022325
0.0016655072162991469
0.00177846084711997
0.0019147246913021288
0.0020746822794134537
0.0022588633340201044
0.002467791894839119
0.0027018758168192184
0.0029613414484004233
0.0032462198605617662
0.0035563729804389465
0.003891490831561161
0.0042510301450518935
0.004634078790515997
0.005038857111124748
0.005462753824059685
0.005901951551206302
0.0063494855917727916
0.006800320485414431
0.007246536536806416
0.007675025404049407
0.008076292919747784
0.008445833287243517
0.00877801308317631
0.009064135091841303
0.009296145031609221
0.009470356598001783
0.009587661597872563
0.00965152225942465
0.009666103311420007
0.009635330543334495
0.009562617131855952
0.009450883103539042
0.009302651985737785
0.009120133072978924
0.008905257434806175
0.008659635480347523
0.008837331874288281
0.00852766145188776
0.008192311196876273
0.007833609378912457
0.007453736986004791
0.007054923356994415
0.006639619131123854
0.0062107064840614765
0.005771738883563249
0.0053271446006071385
0.004882257416591446
0.004443009918844179
0.00401530435820329
0.003604566150010139
0.0032162474551787725
0.002857060133634032
0.002535135028521633
0.002257763124340003
0.002028573525800664
0.0018479501325846489
0.0017153755949744552
0.0016286726627664696
0.0015830493430787334
0.0015725810236049869
0.0015906205288658479
0.0016302183839773505
0.0016846873912998318
0.00174799185725123
0.0018150189966641404
0.001881704967456785
0.0019450192683275768
0.0020028414008131253
0.0020537827888555396
0.0020969912393495028
0.0021319505264317455
0.0021582660151658385
0.002175420016849173
0.0021824808990453005
0.0021777424749542264
0.002158241425252079
0.0021190325357634187
0.0020519149925687374
0.001942491903469728
0.0017578062362897072
0.0014268268492760887
0.0013072860939132935
0.0012685539451601099
0.001272730026441975
0.001307092295696798
0.0013663324645180447
0.0014482437213679774
0.001552113510483856
0.0016779998096187907
0.0018263605407198569
0.001997841035471838
0.0021931372342774667
0.0024128954313311643
0.0026576301168121947
0.002927656672457776
0.0032230465975676475
0.003543611953903304
0.0038889152334230866
0.004258267606887954
0.00465061890156681
0.005064573671668296
0.0054976696346141305
0.0059470252775575706
0.006407902179475948
0.006873358808858417
0.00733812482397307
0.00779349539627101
0.008226909660901267
0.008629325555459595
0.00899598609449812
0.00932178317338747
0.00959969784814018
0.00982332145099983
0.009989642283429277
0.010099471138101626
0.010156052087832147
0.010163498324364756
0.010125842113182128
0.010046655439099213
0.009928978953545305
0.009775366200121465
0.009587944606724217
0.009368446739744917
0.009118155979768807
0.009330113057660315
0.009013754812473932
0.00867037773509169
0.008302157353974106
0.007911129906568158
0.0074994068643975025
0.007069345560419325
0.006623736907951391
0.006166000919410767
0.005700331747155304
0.005231688083873138
0.004765536149825654
0.004307429148968618
0.003862837908356158
0.0034376880435828252
0.0030392656295207005
0.002676145674186398
0.002356214448776388
0.0020841885037909662
0.0018616910395886032
0.0016892724045779706
0.0015659707713781097
0.0014880158157002511
0.0014500988359994874
0.0014460101634243714
0.0014688691150745413
0.0015117713722750665
0.001568188209438203
0.0016322967601550091
0.0016991882523910312
0.0017649535096825734
0.0018266702671049751
0.0018823219871657792
0.001930671617923488
0.0019711018219141104
0.0020034238993659505
0.002027657573815119
0.002043787697038428
0.002051502354840584
0.0020499047165472317
0.0020371690308296064
0.0020100789074577194
0.0019633268331877033
0.0018882822466548168
0.0017701401534025694
0.0015757628322343327
0.0012366083843585144
0.0011139907407330604
0.0010724593748501843
0.0010730705878434078
0.0011026933193823674
0.0011558416606085409
0.0012302625864475429
0.0013252832617820897
0.0014410577931664407
0.0015781730246767316
0.001737416176768011
0.0019196255922871836
0.002125591708290186
0.0023559918136599866
0.0026113460287770273
0.0028919830605703602
0.0031980084020374927
0.0035292744811432804
0.003885354310569907
0.004265515301363446
0.004668697698883511
0.005093357080118977
0.00553752301455965
0.005998069281262848
0.006471625561007879
0.006952550377907665
0.007433949651647866
0.007910197566181578
0.008372238868177433
0.008808292445577924
0.009209880590762286
0.009572316688664867
0.00989117777003466
0.010160954762436098
0.01037668825508898
0.010536017720418362
0.010639694798675377
0.010690672425533478
0.01069285277993284
0.010650194204672378
0.010566272018047244
0.010444135509607136
0.010286302427803796
0.010094793015650725
0.00987114684716583
0.00961634678487317
0.009859386248256502
0.00953629006229947
0.009184784365830851
0.008806927976325657
0.008404643472951128
0.007979946835713632
0.007535113476415355
0.0070728442193700985
0.006596422194934441
0.006109812209094918
0.005617630609461043
0.0051249496419292755
0.004637051890267828
0.004159448557132817
0.003698395461980344
0.0032615357236400718
0.002857673820710654
0.0024950573044145437
0.002179257716281722
0.0019130618671388067
0.0016981266027987776
0.0015347452373262788
0.001420392704483311
0.0013506261945956568
0.0013199240674407657
0.001321729585130876
0.0013491145048184858
0.0013951932670510782
0.0014535041484235673
0.0015182979953560116
0.001584727631399988
0.0016489476346463671
0.0017081340039304697
0.0017604333803733403
0.00180484888436036
0.001841070718242289
0.0018692658436941947
0.0018898466351618592
0.0019032367938513963
0.0019096421419215147
0.001908818080307682
0.001899809335828912
0.00188062171158538
0.0018477634230113613
0.0017955445812674632
0.0017148622377085297
0.0015904184106289188
0.0013887842820986946
0.0010439766374664232
0.0009199003872503176
0.0008765753249952197
0.0008742129633534133
0.0008993910063491451
0.0009465222515455489
0.0010133591427253564
0.0010993088205727673
0.0012046626718972499
0.0013301898733660182
0.0014768916482368858
0.0016458335118328532
0.0018380228815787492
0.0020543221475521206
0.002295395967813223
0.002561690716642705
0.0028534373710503405
0.0031706622036474933
0.003513188102597705
0.0038806150912909934
0.004272276760312984
0.004687167700577826
0.005123875365439707
0.005580408692231791
0.006054168670355795
0.00654143624353337
0.0070381767655936294
0.007537959762473907
0.008033874963347223
0.00851989916136426
0.008986924922630793
0.009424033045641716
0.00982337034837934
0.01018053205301411
0.010491855821571233
0.010753194315624555
0.010960893280604806
0.011113256785433586
0.011211057723829188
0.011256976149219649
0.011254638358938598
0.011207824492411398
0.011120010897120036
0.010994175863332905
0.010832750229649881
0.010637622753109735
0.010410137501436843
0.010150990312673445
0.010427909587793067
0.010098177305542397
0.009738682497950592
0.009351384070521036
0.008938100177705256
0.008500750034612198
0.008041513625587056
0.007562977066890802
0.0070682572702230415
0.006561069683634438
0.0060456966534581805
0.005526859933078666
0.0050096162863990015
0.004499494388292201
0.004002960751128414
0.0035278594785220193
0.00308309395566889
0.0026771448676040986
0.002316295329155416
0.0020044354122615068
0.0017443601110913205
0.0015376277168177423
0.0013830741748756085
0.0012773090592424533
0.0012156624318415109
0.0011921145070734039
0.0011998891438939241
0.0012319063449429376
0.0012811892740523991
0.0013412262458725901
0.0014062526230116394
0.001471453498464177
0.0015330816162205934
0.0015884882206533843
0.0016360671744589373
0.001675120554801791
0.001705665087549722
0.0017282070606830953
0.0017435131150791365
0.0017523948559988955
0.0017555110142891122
0.0017531773166374817
0.001745163573624931
0.0017304482062969464
0.0017068887776002643
0.001670747287343354
0.0016159642259835404
0.001532924727224441
0.0014057040213879938
0.0012003424538568762
0.0008532031617718306
0.000729592188577714
0.0006855221032008137
0.0006806506734708696
0.0007014329593965376
0.0007422876392879995
0.0008010423388684878
0.0008772314950247368
0.0009713195211913292
0.0010842915701681304
0.00121740485522201
0.0013720140570758013
0.0015494344323735243
0.001750830436215031
0.0019771305817441673
0.0022289752100438345
0.0025067032081293942
0.002810376447587418
0.0031398291028010604
0.0034947184927842487
0.0038745508898933205
0.004278662730642812
0.00470615264140836
0.005155763093768971
0.0056257454532942465
0.006113710856441244
0.006616436742475683
0.007129695640992022
0.007648716820818622
0.00816644619084763
0.008675892567234172
0.009170668207503
0.009641807142888528
0.010079243231079785
0.01047574898287448
0.01082729856914521
0.011130976362085562
0.011383833654595037
0.011583383586970192
0.011728604325555827
0.011820388328953253
0.01186121766433937
0.011854452334485734
0.011803659072134591
0.011712167538094825
0.0115828449431712
0.011418010326530514
0.011219411570118699
0.010988200448980202
0.01072479773148635
0.011044111426698306
0.010707825624035062
0.010340471040529377
0.00994391148259418
0.009519855381335571
0.009070107918222652
0.008596724089026725
0.008102136419274264
0.007589255944760634
0.007061523446428356
0.006522892717587648
0.005977772286483342
0.0054310299244833375
0.0048881974831279295
0.004355874614650142
0.003842015267989123
0.0033555607954953138
0.002905168479333077
0.0024977441664157545
0.0021382163565302342
0.0018305124739847554
0.0015774243016287233
0.0013791665533396753
0.0012335134184382089
0.0011367460445994022
0.0010835491545946256
0.0010674683595575684
0.0010814126551779537
0.0011180591626581112
0.001170272865567296
0.001231458388057664
0.001295847800856913
0.0013587082161737925
0.0014164584594783427
0.0014666874574699592
0.0015080767005435916
0.0015402426328939233
0.0015635264629126067
0.0015787631046641714
0.0015870561909868037
0.0015895753323089223
0.0015873796126171776
0.0015812606006074242
0.0015715891383065086
0.0015581414940629874
0.0015398703725736254
0.0015145726885009124
0.001478384930368332
0.001424993904892195
0.0013443101649339778
0.0012196292525781087
0.0010160080605743393
0.0006713337511288221
0.0005506903191389283
0.0005070533238409583
0.0004999947084242456
0.0005161110829363745
0.0005499877508240096
0.0005996254689177166
0.0006647468140610414
0.0007460307797840382
0.00084471363285677
0.0009623470837125006
0.0011006249637022427
0.0012612394726329596
0.0014457527304925098
0.001655483572344586
0.0018914179612691928
0.002154154894873471
0.002443897756083157
0.002760493450241058
0.0031035096376295923
0.003472327473338636
0.0038662187976237967
0.004284377309437943
0.004725883811254654
0.005189604791764166
0.005674035838506928
0.00617709978731023
0.006696034658264948
0.007227047597510973
0.007765478863933072
0.008305859746636123
0.008840700085332578
0.009362913039942567
0.009865844335972054
0.010340806612366284
0.010778546318630006
0.011172432100295573
0.01151883552141577
0.011815508937246746
0.012060516648525657
0.012252382476007196
0.012390731612610797
0.012476648200412173
0.01251249858941347
0.012501418348329227
0.012446764037814787
0.012351704776556229
0.012218983186447511
0.012050801277858318
0.011848770243709053
0.011613860933769558
0.011346234166098245
0.011718472027487244
0.011375605111179113
0.011000340037772472
0.010594449176240353
0.010159525115451956
0.009697242104859748
0.00920950347579923
0.00869855630144776
0.008167078343253318
0.007618226677915823
0.007055647187602581
0.006483480568201357
0.005906446022019693
0.00533007798547269
0.0047610651235551315
0.004207422229329641
0.0036781039677255024
0.003181918393322986
0.0027263247812570647
0.002317206676710368
0.001959572270091506
0.0016573767183508997
0.0014121629527041259
0.0012229201059868304
0.0010869458329932375
0.0009997630853472517
0.0009554122125608346
0.0009469880362045852
0.0009670225681207899
0.0010079376838693435
0.0010624405893574506
0.001123875190274215
0.0011865065262104866
0.0012457237565602459
0.0012981473667916057
0.0013416330034143223
0.0013751762297523236
0.0013987364165095554
0.001413008942494103
0.0014191790295938749
0.001418687020627929
0.001413025616894258
0.0014035775864470643
0.0013914904893692654
0.0013775746996935552
0.0013622026683524902
0.0013451796491703771
0.0013255462077158336
0.0013012566319123662
0.0012686486043399345
0.0012215627200720307
0.0011498153467837148
0.0010360198081812303
0.0008436325755689717
0.0005098552890370182
0.00039599820445544536
0.00035425606189551785
0.000345089057916709
0.00035575558002044316
0.00038129727292844195
0.00042004259714392066
0.0004719785305805523
0.0005380328165041932
0.0006197098888885909
0.000718875044820203
0.0008375980321318619
0.0009780145031213724
0.0011421875891624385
0.001331967310677714
0.001548857357383799
0.0017939070011638012
0.0020676484904549883
0.0023700953055979393
0.0027008044073740757
0.0030589894616513806
0.0034436574185465014
0.0038537328734326412
0.004288135938762425
0.004745789310225599
0.005225545344744639
0.005726041643898028
0.00624551459807212
0.006781553553642388
0.007331017106055934
0.007889613294620127
0.00845230796715012
0.009013047608817413
0.009564092609601447
0.010098305468102371
0.010608910555987682
0.011087615738559908
0.011525949588751921
0.011917850709520934
0.012260075645027534
0.012550942950025448
0.012789342002146414
0.012974638541147181
0.01310703894246242
0.01318784676360999
0.013219369547132168
0.013204555671534432
0.01314655940884795
0.013048380340889149
0.012912625185736312
0.012741373689873168
0.012536103467796706
0.012297614417700616
0.012025821016608873
0.012459042694995941
0.012109507521774011
0.011726135766903739
0.01131061662546661
0.010864428574093523
0.010389109356737437
0.009886399219543061
0.009358347379087095
0.008807393644564189
0.008236424787903552
0.007648815394041371
0.007048488575148224
0.00644005298236877
0.005829047109503308
0.005222216791800679
0.004627602687576249
0.004054154764577002
0.0035108084252076822
0.00300550722017424
0.0025449889502736447
0.0021352580798128227
0.001781343678320966
0.0014860378369355826
0.001249560764829621
0.0010702842323945115
0.0009446844550108573
0.000867471761153328
0.0008321249277358359
0.0008312434331582756
0.0008570034388945827
0.0009015742784849883
0.0009575117958552698
0.0010181042473571007
0.001077656529005821
0.0011316941893272402
0.0011770692998030981
0.0012119560731558097
0.0012357366564751074
0.0012487945306644923
0.0012522489889070215
0.001247672911291688
0.0012368337288041742
0.0012214851386827253
0.0012032199565933804
0.0011833785795383048
0.0011629967583685875
0.0011427710996458655
0.001123018525304276
0.0011036031142276407
0.0010837961456979794
0.001062017382262693
0.0010353677961272277
0.0009987803663666288
0.000943394126862253
0.0008529192951652486
0.0006906249950005093
0.0003895459420627466
0.0002892333267871009
0.00025063434177846166
0.00023825787324933473
0.00024129409495794973
0.00025578353460605467
0.00028059558853601167
0.0003160397464997101
0.00036327752662307356
0.00042403621985787613
0.0005004461672028276
0.0005949234964888173
0.0007100582457524286
0.0008484860890543026
0.001012734755668504
0.0012050490746524235
0.0014272123305529127
0.0016803936891695236
0.001965056645321074
0.002280956593894658
0.0026272356596121343
0.0030025956574271056
0.0034055065354759114
0.003834397971020427
0.004287788906489984
0.004764328496466835
0.00526274338835918
0.005781703456653029
0.0063196275740268525
0.006874473400069249
0.007443483760605439
0.008023112627509574
0.008608632066727276
0.009194671032576287
0.009774731221319865
0.01034098645916827
0.010886331547668507
0.011404033165425612
0.011886302367073961
0.01232544442899081
0.012715964179629592
0.013054994942348946
0.013341332392635071
0.01357452749717062
0.013754630287334804
0.013882344836788789
0.013959188459375597
0.013987438763865451
0.013969878459111996
0.013909458392431304
0.013808990469183055
0.013670922281527654
0.013497192177000562
0.013289133357942611
0.01304737250004771
0.01277158184346465
0.013269914520589563
0.012913687030226165
0.012522039845680809
0.012096588699748879
0.011638704940696713
0.011149793277180737
0.010631432125072874
0.010085475954686717
0.009514138001730255
0.008920060299745894
0.008306385609553449
0.007676860966524145
0.0070360071678824245
0.006389355829656668
0.005743672487375387
0.005106984423517794
0.004488211312513792
0.003896386141510823
0.003339867844688822
0.002826146406956577
0.0023621320115121565
0.0019538456866556794
0.0016052565331092408
0.0013178234255480034
0.001091053710479127
0.0009224796385407552
0.0008076467217648412
0.0007406022542712691
0.0007142164538891864
0.0007206148415979754
0.0007515994664776357
0.0007990646826146345
0.0008553875507202747
0.0009137812720809052
0.0009685935440759863
0.0010155257850742697
0.0010517453681323063
0.0010758680011432235
0.0010878048595526857
0.0010884961001260509
0.0010795785613801076
0.0010630482407135056
0.0010409712743951443
0.001015274980048623
0.0009876243390703745
0.0009593694693859091
0.0009315403580250973
0.0009048645726553214
0.0008797873730179379
0.000856477462366944
0.0008348028444808181
0.0008142580915030066
0.0007938145282330631
0.0007716429185838452
0.0007446064126987517
0.0007072679332287202
0.0006495217285368061
0.0005473644772683637
0.00034779985569620696
0.0002704361492174139
0.00023261861453969455
0.00021241571457515516
0.00020297443627360093
0.0002017523639632055
0.00020814373728795713
0.00022264138712348
0.00024646903213428067
0.00028140136056157563
0.0003296673874114586
0.0003938856619095295
0.00047699878841108166
0.0005821828683574374
0.000712713457776439
0.000871778216176209
0.0010622405426674395
0.0012863783917840504
0.0015456438301197696
0.0018405023425482664
0.002170405276412177
0.0025339188162500155
0.002928986250559318
0.003353256985375001
0.003804396554924083
0.004280304485752826
0.004779201610183991
0.005299586683523187
0.005840089141404519
0.006399256330699818
0.006975309641909153
0.007565916363173804
0.008167963671791522
0.008777480587024673
0.00938935338574733
0.009997900621461159
0.010596312123908748
0.011176799542558933
0.011732378844254722
0.01225650816221871
0.01274199147869182
0.013181920280567373
0.01357138072318544
0.013907889502225537
0.014190657902651196
0.014419773616288444
0.014595842605440022
0.014719989059403246
0.014793927312800171
0.014819921499505583
0.014800604530121232
0.014738721597544096
0.014636876777571884
0.014497329168179234
0.014321846225045492
0.014111593026593606
0.013867007439396199
0.01358751150936936
0.014153819643552322
0.013790995473899826
0.013391048322887882
0.012955525459652851
0.012485695669501322
0.011982834258937617
0.01144836163081958
0.010883944468821887
0.010291583373534412
0.009673698527423995
0.009033228821545546
0.008373766410631523
0.007699743430548867
0.007016654634963685
0.00633123609176516
0.00565145501055872
0.004986169705037683
0.004344481634136246
0.0037351083093900062
0.0031662081370009486
0.0026455238251663032
0.0021800111275696674
0.0017747670415142352
0.0014324977157523983
0.001153906593964573
0.0009376686821314305
0.000780305354099704
0.0006765926847910599
0.000619853117152389
0.0006023453489403715
0.0006156788140243932
0.000651234900624904
0.000700583701719523
0.000755887935684598
0.0008102817963417702
0.0008582025526034878
0.0008956384249587755
0.0009202467921281379
0.0009313035272042647
0.0009294739967629174
0.0009164421603315886
0.0008944751995454116
0.0008660145821326747
0.0008333635413430332
0.0007984995062181526
0.0007630006407359296
0.0007280533886933568
0.0006945041589423655
0.0006629257218416771
0.0006336792766995191
0.0006069614796461215
0.000582830439028467
0.0005612062953794995
0.000541841766020954
0.0005242571807698651
0.0005076337587221367
0.0004906574755418265
0.00047129644294522483
0.0004464213803370788
0.00041043412600425574
0.0003520370803360035
0.0003137083191671447
0.00028547601060218764
0.0002631702539566625
0.0002450520835329111
0.00023048849581860855
0.00021962777642398128
0.00021323891108460862
0.0002126161478635609
0.0002195272884287344
0.00023619458778211251
0.0002652956059356348
0.0003099670513553418
0.00037378986900637995
0.00046072974562779204
0.0005750058082388473
0.0007208653195140935
0.0009022585773811447
0.0011224391261626522
0.0013835556424724998
0.0016863374856149092
0.002029981110712743
0.0024123010394251454
0.00283012491766871
0.0032798259314676128
0.0037578432262167297
0.004261061214524193
0.004786982625753078
0.0053336996150227705
0.00589971309950044
0.006483665482147179
0.007084045721020976
0.007698907018797817
0.008325631467305417
0.008960757332670518
0.009599895876996124
0.010237598831851793
0.01086791025562411
0.011483828159490138
0.01207769307193022
0.012642719224303585
0.013172670810820136
0.013661003008746007
0.014101597376811558
0.01449013633471471
0.014824529941639457
0.01510436246131478
0.015330164973344378
0.015502999558976284
0.015624346907956266
0.0156961034227029
0.015720536583445948
0.015700151706644298
0.015637497989068924
0.015534964327180718
0.015394601482097897
0.01521798092820499
0.015006075352718402
0.01475911389319338
0.014476253716741832
0.015269125423832332
0.014908191843233295
0.014504623879296227
0.014060546284278443
0.013577332070378164
0.013056234222174723
0.012498589642033011
0.011905948542940378
0.011280186068855926
0.010623616571024284
0.009939127621149782
0.00923035228540915
0.00850188913980434
0.007759546325761046
0.007010527304154814
0.0062634196828500925
0.005527861983053019
0.0048139291515406045
0.004131559086600543
0.003490381186762009
0.0028997256889540914
0.0023680339250976164
0.0019016943787517862
0.0015045652755363106
0.0011782607329285852
0.0009219490286156563
0.0007322786018708218
0.0006037750208318626
0.0005291413741930838
0.000499704578101943
0.0005058845274021946
0.0005376880258720272
0.0005852115265172264
0.0006391514322421688
0.0006913147193992235
0.0007351033210391226
0.0007659122627639527
0.0007813495740674322
0.0007811842160355145
0.0007669826626586934
0.0007414979610680477
0.0007079722947476339
0.0006695386340850502
0.0006288421399943467
0.0005878973652343941
0.0005481195398681192
0.0005104457582329502
0.0004754796780339247
0.0004436224110161831
0.0004151733805791098
0.0003903929110628373
0.0003695178356280976
0.0003527236257469364
0.00034004362830681396
0.0003312846282813263
0.00032598786543535144
0.00032345114234652274
0.0003227775347134593
0.0003228947319309424
0.00032247392169226503
0.00031928538425274604
0.00031257207983904765
0.0003060775823650695
0.0002990687568557539
0.0002913053414611334
0.0002825341042199966
0.00027261226697963906
0.0002616924788436532
0.00025043203495223585
0.00024015140318683694
0.00023288695500109095
0.0002313626296332649
0.00023895758891551632
0.00025972014435422927
0.0002984149611518664
0.0003605450086553773
0.00045227156822586265
0.0005801555009992723
0.0007506639630672812
0.0009694449826658329
0.0012404758858995924
0.0015653115211737428
0.0019427178138706912
0.0023688937289567816
0.0028382609128974156
0.0033445576640812732
0.0038818693843323667
0.004445312730820107
0.005031278296839069
0.005637299937129639
0.006261692968559044
0.006903099497484893
0.007560039408023394
0.00823052184792851
0.008911754208184571
0.009599931788226565
0.010290208730715136
0.010976548598445702
0.011652305029823395
0.012309958217767586
0.012941256900683382
0.013538805333964087
0.014096110440704867
0.014606704404235397
0.015064616844745683
0.015465653268833597
0.015807914348797324
0.01609132956285197
0.016316916168412604
0.016486281080420096
0.016601416478458322
0.0166646307415286
0.01667847333960031
0.016645599808248975
0.016568590437916957
0.016449759810168087
0.016290984864489204
0.016093555601701774
0.01585802247304647
0.015583951517147204
0.01608601200676529
0.015683628216896763
0.015235331352427307
0.014742754091048822
0.014207169234726274
0.013629839062632558
0.013012186366699095
0.012355931712804778
0.011663234514213113
0.010936858874684817
0.010180380938736293
0.009398442533358501
0.008597023371235725
0.007783650010531379
0.006967409731342847
0.006158654710944312
0.005368441267265525
0.0046080017501577645
0.0038885470309135252
0.0032211367000208667
0.002615911206258238
0.002080847972522129
0.001621262636303994
0.0012399429015846908
0.0009368026901524495
0.000708823992683005
0.0005504167185778467
0.0004537374499148656
0.00040917950293719565
0.00040589949921573433
0.00043238397106373094
0.00047704434579240776
0.0005288523950069411
0.0005780264234069028
0.0006167477793471725
0.0006398162706915218
0.0006450606322530336
0.0006332768038344219
0.0006075701803049161
0.00057224185171738
0.0005316156223494689
0.0004892210511740621
0.0004475031813342469
0.00040794674984599873
0.00037138777560412784
0.000338336304249585
0.0003092254389437334
0.0002845389408391196
0.00026475733802710355
0.0002501198728941034
0.00024039905544713796
0.0002349400543166903
0.00023291702824786346
0.0002335561003904589
0.0002362140529642318
0.00024035824339605486
0.00024551099457103794
0.00025118498923562327
0.00025680113479541774
0.00026150719530825727
0.00026341662082653475
0.0002635899629214619
0.00026307511644808255
0.0002623087494657008
0.0002615590746962985
0.0002609641662211319
0.00026052457156528966
0.0002600704254413396
0.0002592299962556049
0.0002574795010887234
0.00025444248027265114
0.0002505810374110847
0.0002480361567379505
0.0002509856000851011
0.00026536443590402455
0.00029851752144743264
0.00035911906712350784
0.0004571048387913497
0.0006032045800490989
0.000807815823718881
0.0010792550272687588
0.001421837415001795
0.001834596001664928
0.002311388853959119
0.0028425042857582973
0.0034170638634204303
0.004025195907016265
0.00465929287059921
0.005314265136013217
0.005987100075876073
0.00667611129454448
0.0073801555948138755
0.008097959393869428
0.008827602568724679
0.009566170956136624
0.010309539654982654
0.011052380971237228
0.011788073327788168
0.012509284513649821
0.013207954340407023
0.01387533497618489
0.014503562066958244
0.015085962977423185
0.015616223540647022
0.016088671064710146
0.016499422136245816
0.01684691741346111
0.0171315073655168
0.01735470932599932
0.017518653666663584
0.017625808184865283
0.01767885281818045
0.017680575398278164
0.01763373178306238
0.017540873219940523
0.01740416594827093
0.017225220488438307
0.01700492400732175
0.016743225215440395
0.016438667072607657
0.017324200293973715
0.01692849386278985
0.016480594809948186
0.015982869984117604
0.015436713770846397
0.01484335813817325
0.014204117302301644
0.013520553660523167
0.01279464190213022
0.012028961326367825
0.011226934203725671
0.010393113224807488
0.009533489314472534
0.008655740664620807
0.007769297499582852
0.006885112879873784
0.006015175569124943
0.0051720257530235
0.004368518776120742
0.003617566418067034
0.0029312257541922013
0.0023193690373643854
0.0017890939654810764
0.0013446762887674353
0.0009870894848496804
0.0007139139428453806
0.0005196423860262165
0.00039600907934575654
0.000332512561964876
0.00031699715920325487
0.00033629033510753926
0.0003768926306830699
0.00042575708332476226
0.0004712117678185746
0.0005040438930968257
0.0005186215614078039
0.0005136681882630296
0.0004920943798006291
0.0004595239097956994
0.00042198933166558286
0.0003840238608763616
0.0003480679423212944
0.00031501860897738206
0.0002851168455495098
0.0002585815850784209
0.00023581991251977384
0.00021724434052449587
0.00020292799423342063
0.0001925098041271497
0.00018541546656214303
0.00018108598215332969
0.000179063676069106
0.00017898726744186347
0.00018056068027130973
0.00018352176643063838
0.00018761551561430185
0.00019256926276745945
0.00019806478343390094
0.00020369719114996193
0.00020888803019102693
0.00021227340584701696
0.00021333704109478339
0.00021329790942920698
0.00021289277797986608
0.00021252800011954212
0.00021251057801828749
0.00021308566302124615
0.00021445425742234683
0.0002167803835128717
0.00022018791215661036
0.00022474200583485
0.0002304067994052417
0.00023698008600400158
0.00024407330255224314
0.00025143177927000674
0.00026019061508448133
0.0002750643270370413
0.0003056562189904367
0.0003657504348163552
0.0004721225696984589
0.0006433217533305592
0.0008970412493458818
0.0012456557633487965
0.0016917413903547334
0.0022266061362559947
0.0028333142728074147
0.003492417734295066
0.004187032495554425
0.0049052669389800276
0.005640187300789254
0.006388503443214533
0.007148988152409563
0.007921131015460981
0.008704158431163159
0.009496388973958977
0.010294860686762237
0.011095151290844669
0.011891445744635704
0.01267654648515555
0.013442483448055879
0.014180691640555836
0.014882047721873813
0.015538407353594281
0.01614306757956759
0.016689990981207742
0.017173957621077707
0.01759156937998732
0.017941742690090412
0.018225312011679887
0.018444289397097618
0.0186012773746533
0.018699143980963947
0.01874085570357164
0.018729350898209873
0.018667396332066828
0.01855742111120746
0.01840134168847915
0.018200383418426124
0.0179548739220411
0.017663901038971155
0.018237759602034987
0.017795352532007588
0.017296986091713623
0.016744395328083427
0.01613887418607802
0.015481686210006482
0.014774268830210152
0.014018415524873592
0.013216486217377517
0.012371669345316178
0.011488300441256215
0.01057221064241668
0.009631030670040314
0.008674330790583811
0.00771348728534895
0.006761292822645111
0.0058315265481232665
0.004938684767227934
0.00409761579746957
0.0033224971557124254
0.00262540665648447
0.0020155812168769667
0.0014991634889803145
0.0010785737064218882
0.000752330231093987
0.0005152793674313497
0.0003589160791567696
0.0002719287791228304
0.00024083153549378796
0.00025066895797917326
0.00028579934260073
0.0003308352549752994
0.0003718930435646954
0.0003983065421980616
0.0004046917266211875
0.0003924500121376491
0.0003688556716784926
0.0003427113609794717
0.00031921486572782716
0.00029850653392091944
0.00027821071837335633
0.0002564777931612204
0.0002335484346176063
0.00021139988061256816
0.00019190810855286526
0.00017582849023446733
0.00016311474108793303
0.00015342839545994625
0.0001463912198490706
0.00014166378290664028
0.0001389566980213884
0.0001380217297748549
0.00013863828721253583
0.00014059931222890396
0.00014369684783990474
0.00014770618146089896
0.00015236623287071213
0.00015735100506419583
0.0001622168177045641
0.000166252286779302
0.0001678115932252768
0.00016786065640816777
0.0001673377917757072
0.00016669220380795749
0.00016625599419320094
0.00016629316583741837
0.00016702502133101433
0.00016864664865490745
0.0001713398545884144
0.00017528457053076727
0.0001806693586539455
0.00018770053173665862
0.0001966078483988018
0.0002076427853107703
0.00022106682924097446
0.00023715484544853068
0.0002563881542956842
0.0002805189624451731
0.0003158395659591188
0.00037817795733404385
0.0004946806414108711
0.0006997488095721667
0.0010262717654851974
0.0014924362051421253
0.0020911782750475264
0.0027930725206459
0.003561166383954703
0.0043649351422404715
0.0051854991902518
0.006014005142661002
0.006847822116615242
0.0076871993598494875
0.008533023032405508
0.009385493569134633
0.010243417933036004
0.01110389416120762
0.01196223908585446
0.012812166995785426
0.013645936011551962
0.014455026173487089
0.015230463981977358
0.015962912152758583
0.016644174552109595
0.017267718158729278
0.01782794054697414
0.018320230602562406
0.018741827015409208
0.019092229309142877
0.019372791810442946
0.01958598831031098
0.019734811216969576
0.01982241870228273
0.019851942151197826
0.019826346770937912
0.019748288043256908
0.01961995077963029
0.019442873093623768
0.01921774518247294
0.018944124301911152
0.018619809067465517
0.019609223636651345
0.019178323052928332
0.018684205874449585
0.018129571773944805
0.01751593260542785
0.01684460090787084
0.016116964719274377
0.01533468454478077
0.014499910419984226
0.013615555417871171
0.01268563669678622
0.011715663435064807
0.010713004727581191
0.009687124820572322
0.008649573756118202
0.007613725441910233
0.006594427938962434
0.005607726394304947
0.004670426365120076
0.003798992322401495
0.003008010092832605
0.002309242470650819
0.0017111400871660804
0.0012180334845472247
0.0008298025862155716
0.0005420000150057308
0.0003461361682826988
0.00023023315967720038
0.00017950222675582118
0.00017711158500125488
0.00020505574822834912
0.00024527359795930496
0.00028139263786101584
0.00030173738165212803
0.00030380736719339604
0.00029721844196156844
0.0002969157980866568
0.0003061431763443001
0.0003114773490581342
0.00030022091841349794
0.0002740306978002286
0.00024252358251569412
0.00021264916730356657
0.0001869441642958347
0.00016571539561514233
0.00014855260096011922
0.00013491308328578478
0.00012429627974974884
0.0001162806344333089
0.00011051983023171574
0.0001067288244888168
0.00010466853348002145
0.00010413134146430939
0.00010492755115304698
0.00010687218148751343
0.0001097710947395932
0.00011340480212706961
0.00011750675141999718
0.00012172805570249886
0.00012555962270180117
0.00012745636562642486
0.00012802626311620138
0.0001274172241112497
0.0001265245263661932
0.00012569663703746047
0.0001252044139098359
0.00012526969191330384
0.00012608304545653223
0.00012781735680788875
0.00013063993928689988
0.0001347246569755806
0.00014026508813029902
0.00014748968204108783
0.00015667981453570734
0.00016819154879421004
0.0001824818986679173
0.00020014175977334155
0.00022194687381930984
0.00024898363011408877
0.00028310244485038453
0.0003286713875877651
0.0003983398081781924
0.0005252890070258154
0.0007716028396108408
0.00120729232392785
0.0018593162164995843
0.0026838982769216008
0.0036024008644429573
0.004552073426157283
0.005501503176805963
0.006441297375472558
0.00737231071756393
0.008298498900824486
0.0092235135981367
0.010149263994286449
0.011075398298381911
0.011999227635257676
0.012915877276845785
0.01381864991836581
0.014699343671270893
0.01554903754213856
0.016358520156215993
0.01711845943591039
0.017820873676939956
0.01845962990778422
0.01902972894393957
0.019527300600944486
0.019950320420617312
0.02029891746874668
0.020574944439179337
0.020781254081408466
0.02092110415725974
0.02099779757713576
0.02101448030358756
0.020973998307839897
0.02087875645097569
0.020730558954998184
0.020530421035135516
0.020278318043523993
0.019972740690619606
0.02062999131524628
0.020145450633302534
0.019593327255634837
0.01897563080002303
0.018293871770078407
0.017549513957148103
0.016744192372615194
0.01587992411130753
0.014959375012036097
0.013986205402803467
0.012965485113710595
0.01190412287347259
0.010811207632070236
0.009698148065132948
0.008578573929276346
0.007468108481484561
0.006384130265708649
0.005345315868835439
0.004370501960690268
0.003477041605712737
0.002679616678643539
0.0019894763599258474
0.0014134035724786423
0.0009531618369947386
0.0006054653613342954
0.00036218963889600046
0.00021091437947517647
0.00013563856905032554
0.00011760707998214387
0.00013625425165599822
0.00017052567480802173
0.00020161073360476522
0.00021998350921550736
0.00023884275978191218
0.00029020304203063223
0.0003608134905622546
0.0003881873770163914
0.0003635703204831221
0.00031806380129024384
0.00027184646080196745
0.00023139742147951751
0.00019764126938650315
0.00016994020093812344
0.00014737936754106174
0.00012911393042428214
0.00011444016195928727
0.00010279144815162695
9.371661065363478e-05
8.685645281755683e-05
8.192255879382605e-05
7.86789692712463e-05
7.692638093407054e-05
7.648822608792741e-05
7.719785861610336e-05
7.888591001496933e-05
8.13665337848627e-05
8.442040514067854e-05
8.776990689278626e-05
9.10330755637798e-05
9.35909782392929e-05
9.40278965112679e-05
9.33681084614583e-05
9.228865645624385e-05
9.114253876256005e-05
9.02033568006377e-05
8.969099218708349e-05
8.9789698481285e-05
9.066165731226638e-05
9.245874676325808e-05
9.533390315572947e-05
9.945305963281824e-05
0.00010500865036753403
0.0001122358336452732
0.00012143279018067886
0.00013298661198275907
0.00014740636839011886
0.0001653650447768341
0.00018775305256697858
0.0002157517910829416
0.0002509625857449825
0.0002957411220842357
0.0003543590143876937
0.0004374256319551683
0.000577429527278334
0.0008658394058846931
0.0014588159019622467
0.0024102381481906185
0.003557967984056814
0.004726912941406635
0.005851038446195405
0.0069275828511113705
0.007970021092754163
0.008991423885549271
0.010000828039582126
0.011003015599550674
0.011998966756847503
0.012986415290901825
0.01396041482310578
0.014913982411862137
0.01583862514295709
0.016725259211868675
0.017564698573559877
0.01834790869313633
0.019067427031430533
0.019717762828260998
0.020294672368494814
0.020795105902917603
0.021217792774025388
0.02156344304970915
0.02183429606633082
0.02203342397065152
0.02216416493197787
0.022229777272093472
0.022233242384964196
0.02217712462663726
0.022063431366547218
0.02189344564068519
0.021667504601097863
0.02138464821217413
0.02104181947096302
0.02215255494137169
0.021683834400059693
0.02113891752623163
0.020521088440699012
0.019832275069941285
0.019074198839558815
0.01824864869135862
0.017357676075346246
0.016403831494014233
0.015390486547990648
0.014322248560540398
0.013205431389947387
0.012048496775027315
0.010862356072788347
0.00966047009270771
0.00845879887275884
0.007275671664802083
0.006131383046743248
0.005047081677863462
0.004043048129348972
0.003137243879685549
0.00234423714519342
0.0016738862913445382
0.0011304782385529956
0.0007124747384125886
0.000412591318183632
0.00021829689402622643
0.00011255671690034766
7.471411443515097e-05
8.148060775759158e-05
0.00010862605095776452
0.00013789994442595983
0.00018644841577994102
0.0003247099601541976
0.00048007729995920144
0.0005076289636069678
0.0004546481484577757
0.00038546553488136206
0.00032214414591643747
0.00026888899687380855
0.0002251502890833173
0.00018945204217357475
0.00016034643702550307
0.00013661361998679197
0.00011727263107128026
0.00010154904890786264
8.883674775073804e-05
7.866301795065392e-05
7.065882339757038e-05
6.453397760265211e-05
6.0056527535782285e-05
5.703554925312497e-05
5.5306565112324464e-05
5.4718786430693096e-05
5.512331805704752e-05
5.636126945623865e-05
5.8250243116358865e-05
6.0566412172517e-05
6.301537298489887e-05
6.51670917721705e-05
6.635670693118274e-05
6.531563681532586e-05
6.410392738866657e-05
6.271976959009112e-05
6.143014317557564e-05
6.04483231542298e-05
5.9949239796758965e-05
6.00824552792776e-05
6.09836759912826e-05
6.27857154340001e-05
6.562956432423444e-05
6.967629757758729e-05
7.512081153717153e-05
8.220874162292546e-05
9.125827606733562e-05
0.00010268885932729108
0.00011705886126378389
0.00013511408764348178
0.0001578485731497803
0.00018657904877063743
0.00022303773313044523
0.0002695071771366212
0.00032910950706689255
0.0004067553363893241
0.0005129876940475602
0.0006802463505201285
0.0010229827268617244
0.0018300995849563184
0.00323763360574121
0.0048007122654086295
0.006210664042111317
0.007473419475972345
0.008648416042712137
0.009774775596291625
0.010873377070780005
0.011954161002629629
0.013020248800885785
0.014070124044967693
0.015098978888834123
0.01609977379682989
0.017064012011887474
0.017982797995747403
0.01884733353266477
0.01964924171170538
0.020381900920990598
0.021040680844934857
0.021622188764952296
0.022124184993797202
0.022546055592005204
0.0228889237413543
0.02315519584199415
0.023347916381285482
0.023470254224650298
0.0235251904865017
0.02351533780129253
0.023442805214489156
0.023309052372421923
0.02311469698623745
0.022859223600321093
0.022540429833188737
0.023304433401173583
0.022771822562872197
0.02215772238254511
0.021464827436988333
0.020695351096489945
0.01985148286463898
0.018935572467750524
0.017950313369465037
0.016899004492988725
0.015785920711318957
0.014616781745051193
0.013399260531332852
0.012143436032760331
0.01086211270072143
0.009571005910260211
0.008288809632875243
0.00703695003189289
0.005838599793865534
0.00471694720412
0.0036934961608114185
0.00278664485182703
0.002010020746557635
0.0013712075401700607
0.000871167203746275
0.0005041082253684826
0.0002578997598848197
0.00011483657416653598
5.2552792227263244e-05
4.505600349601878e-05
6.801727587946325e-05
0.000138281165605356
0.0003693006752506562
0.0006255575596100069
0.0006589727990668382
0.0005787507206337628
0.00048314262749611604
0.00039869619953200456
0.00032891071407139736
0.00027218942367412843
0.0002262080568642472
0.0001888618632006333
0.0001584224100241471
0.00013351627115707436
0.0001130688716038083
9.624759969454062e-05
8.241187125794323e-05
7.107114885011549e-05
6.185022540503542e-05
5.4460727460735236e-05
4.867780565480662e-05
4.432107460483909e-05
4.123894926943477e-05
3.9295568369972807e-05
3.8359480375659223e-05
3.829316686937633e-05
3.894221715727209e-05
4.012231252914889e-05
4.1600282973409476e-05
4.3058444867016475e-05
4.398834890731041e-05
4.327545536086911e-05
4.196456639208148e-05
4.042729310078165e-05
3.890046993364895e-05
3.758268481134516e-05
3.663425892566079e-05
3.618766336837501e-05
3.635852445708657e-05
3.725664337181211e-05
3.8997018846491146e-05
4.171110109324116e-05
4.555886128519872e-05
5.0742747646086706e-05
5.7525171100635486e-05
6.625173401982847e-05
7.738285527179077e-05
9.153658788386298e-05
0.00010954509385777421
0.00013252629774759576
0.00016197073093466804
0.00019984217890202944
0.000248692557277099
0.0003118098933454234
0.00039351373803879074
0.0005001679407893371
0.0006446643508658054
0.0008674936339187036
0.001326689074186366
0.0024712094752727476
0.004452244812989855
0.006428314285614993
0.008034451491999363
0.00940148723142432
0.010653417115009792
0.011848143317018712
0.013009084711869252
0.014144124732139815
0.015253419043241885
0.01633278297055276
0.017375544996144868
0.01837366331109936
0.019318917387249692
0.02020335094325855
0.021019638059400794
0.02176227921754221
0.022427626715096946
0.02301310409234375
0.023517119352100043
0.023939461305019664
0.024281357169681217
0.024545049945699705
0.02473323340965631
0.024848613327969834
0.02489364207448369
0.02487035763890137
0.024780247559804302
0.024624081875771957
0.024401666559515842
0.024111418760734558
0.023749373532330947
0.02501501700786083
0.024501079859270115
0.02389479359099175
0.02320052554145364
0.022421255205439174
0.021559855727717084
0.02061931379906607
0.019602849392544842
0.01851408067928766
0.017357294673588534
0.01613784560838058
0.01486266016672511
0.013540787219658604
0.012183920280217779
0.010806857199751599
0.009427861610639765
0.008068709848669036
0.006753980702675191
0.005509450677307873
0.00436022076411967
0.0033289427766816115
0.0024337478306976127
0.0016864555175361497
0.0010915635366763442
0.0006458551613714256
0.0003387520049987164
0.00015302986553858284
6.522647164730291e-05
4.927881548455535e-05
0.00010983122310110981
0.000363701637898933
0.0007448356691854881
0.0008424897751963848
0.0007475258218861782
0.0006213664774855686
0.0005092013409237113
0.0004170745069149251
0.00034281457732003996
0.00028312148865484944
0.00023500644374071575
0.00019601918010835704
0.00016421719557434036
0.00013808625514430045
0.00011645997238814904
9.844911549173864e-05
8.33820909381357e-05
7.07556923690915e-05
6.019469163737466e-05
5.141888054705326e-05
4.421634457090723e-05
3.842192573743394e-05
3.389996337104465e-05
3.053047610782621e-05
2.8197965479599126e-05
2.6781974943760197e-05
2.614839907587547e-05
2.6140202100793698e-05
2.6565311796980196e-05
2.717651955801342e-05
2.7624591699544753e-05
2.721362622729698e-05
2.5662701524642718e-05
2.405215727027071e-05
2.241515398325721e-05
2.0922418733582697e-05
1.9712981886188953e-05
1.8896224429582113e-05
1.856113511299018e-05
1.8787543843488728e-05
1.965801384283059e-05
2.1269819038154128e-05
2.3746905648946264e-05
2.725230780144786e-05
3.2002218051671564e-05
3.8283767065972846e-05
4.647942763883495e-05
5.710163877406413e-05
7.084149687324078e-05
8.863490478564959e-05
0.00011174815678232909
0.00014188245329048416
0.00018129352019458482
0.0002329196015827413
0.00030051353513834675
0.0003888034415178672
0.0005038602156922577
0.0006546193185427386
0.000860419945311062
0.0011889004252261695
0.0019141992526586229
0.0036529908582616654
0.0061447584963849975
0.008351458342629419
0.01011141935712033
0.011588375601765386
0.01291642934358152
0.014167906463008587
0.015371927948624497
0.016536430555462278
0.017660190101302105
0.018738072135545826
0.019763315830164635
0.020729051521296737
0.02162869140294807
0.022456321420493877
0.02320771097579675
0.023880117147502246
0.02447151693747776
0.024980575031503208
0.02540702566989055
0.02575173440899682
0.026016350254985384
0.026202846639891076
0.026313168096404015
0.026349010082243704
0.026311666809398133
0.026201875617016698
0.02601960128033487
0.02576368863483255
0.025431182622140888
0.02634073765210434
0.025747116166466584
0.02505426893717385
0.024266284883258594
0.023386987718029554
0.022420357666003265
0.021370609293131317
0.020242239245184073
0.01904014289664265
0.017769855972999786
0.016437946436960678
0.015052546869058396
0.013623993922504457
0.012165541466642546
0.010694083514689635
0.009230645864218776
0.007800160882462055
0.006430220272865199
0.005149216464214398
0.003984307659096562
0.002958978537518547
0.0020907803890052273
0.0013900175113834832
0.0008590208986550463
0.0004905688185210258
0.0002649476537212765
0.0001546130232480064
0.00014872403178326404
0.00031977430155014677
0.0007625886690717705
0.0010358798434283467
0.000970593957886567
0.0008133762230238266
0.0006646093826108065
0.0005416093562215965
0.0004430173635808516
0.0003644856098554052
0.00030182438932031797
0.00025154690248018326
0.00021087692087761706
0.00017764982354556474
0.00015020242335131456
0.00012727353985832657
0.00010791944346864685
9.14435510659383e-05
7.733855519900099e-05
6.52390674563107e-05
5.488309275308698e-05
4.608094570743285e-05
3.8690467063860987e-05
3.259756642128675e-05
2.7701210060293732e-05
2.3902003473078202e-05
2.109349897318944e-05
1.915528708267976e-05
1.7946767846005166e-05
1.730009784709171e-05
1.7009602551449056e-05
1.6810153558353028e-05
1.630518137995545e-05
1.472225118180299e-05
1.3086264519908708e-05
1.1464760161282993e-05
9.974324837564138e-06
8.726206816408396e-06
7.80168219116457e-06
7.256171646937291e-06
7.130028562229847e-06
7.461942358476748e-06
8.303180563783206e-06
9.731607844820325e-06
1.1865014365801963e-05
1.4874069436993126e-05
1.8996260458504423e-05
2.45534281214108e-05
3.1976798996757645e-05
4.184446480929753e-05
5.493668607076776e-05
7.231377908119571e-05
9.541928926380195e-05
0.0001262074397044864
0.00016728862166109486
0.0002220808807411684
0.0002949518935450143
0.0003913453143578637
0.0005179528491670671
0.0006833409108558405
0.0009012346722809276
0.0012081415168816274
0.0017520010693330948
0.0030610516839702073
0.005587090561943023
0.008280562059803837
0.010498143458856945
0.012346118238458818
0.013948894671478092
0.015375722368963573
0.016682337223637312
0.017909017228975085
0.01907374496466252
0.020180229124660613
0.021226125599781594
0.02220739095987097
0.023119527966396304
0.02395830091668983
0.024720637593537473
0.02540429668288264
0.02600721976408534
0.02652765334559561
0.026964606516204824
0.027317987826108996
0.02758837201492347
0.027776656543652845
0.027883782132626395
0.027910534051122704
0.027857368862487734
0.027724205320650844
0.027510117542606183
0.027212809559523446
0.02682740290860557
0.028309394216804104
0.027735390899673782
0.027047598200539424
0.026252105775314397
0.02535387485932318
0.024358150602991555
0.023270588310552044
0.02209720442766888
0.020844313236085415
0.019518533364482154
0.018126932641448473
0.01667736651974873
0.01517905041203017
0.013643391119622143
0.012085044438334866
0.010522969248396056
0.008980954575987498
0.007487128721025658
0.006072598587266165
0.004769690969543005
0.0036097062606024917
0.002619802361966655
0.001817388967698231
0.001203743476378078
0.0007655210265781656
0.0004825132834607243
0.00033900901535755397
0.00035774188528851216
0.0006652342397874387
0.00114689916189094
0.0012383699577173243
0.0010738248773077754
0.0008803275274873786
0.0007146779925617916
0.0005817423344107674
0.0004766892765796973
0.00039380109539604116
0.0003281176104261877
0.00027563853820703046
0.0002332310578443809
0.00019848628931238652
0.00016958103718332302
0.00014515766044784434
0.00012422336960807014
0.0001060669942523614
9.019059147817812e-05
7.625347112267112e-05
6.402666200590303e-05
5.3356272872212776e-05
4.41345184794992e-05
3.627737314943758e-05
2.9707904808222977e-05
2.4344365477529333e-05
2.0092097826288533e-05
1.6838277465623035e-05
1.444844175826035e-05
1.276360628222912e-05
1.1596333555630506e-05
1.0722476840907104e-05
9.856651447111053e-06
8.406520014434147e-06
6.67903522983944e-06
5.166757600235378e-06
3.84157173384629e-06
2.7821372292156934e-06
2.041911523031917e-06
1.639990368743001e-06
1.5691898844299322e-06
1.8107453437373074e-06
2.3520136992176954e-06
3.204928661863841e-06
4.423536175585732e-06
6.11960927914742e-06
8.476379344965166e-06
1.176189826316018e-05
1.6345380556341136e-05
2.2721815469470966e-05
3.155176028868852e-05
4.372394681731496e-05
6.0447491207156316e-05
8.337748687879344e-05
0.00011477223317007714
0.000157672485252146
0.00021608397384728365
0.0002951367997437391
0.00040119666734047654
0.0005419403657771537
0.0007266056375442824
0.000967628750740195
0.0012902258685215558
0.0017844428537567064
0.0028245336611290605
0.005139311230963242
0.008134814597832586
0.01071728818247654
0.012859707226139543
0.014724728155706935
0.016397862269706895
0.017912984013245467
0.019284339893312546
0.020531326865984693
0.021680192913660357
0.022749529273148487
0.023747141387121445
0.02467423875676008
0.0255292822585513
0.026310164271208938
0.027014400069054135
0.02763895355298782
0.028180715703163783
0.028637162123267494
0.029006630492283206
0.029288213633377885
0.029481504333105674
0.02958634274910467
0.029602587117856138
0.029529869671447176
0.029367286240291765
0.029112938665524824
0.02876309281361258
0.029885075209513542
0.029208085076968877
0.028407694406560224
0.027490092026328433
0.026461828484965196
0.025330236470555302
0.024103377995849086
0.02278984213773373
0.02139849385326917
0.0199382635096255
0.018418087662781052
0.016847136397750994
0.015235477410317583
0.013595287657298718
0.01194253872469398
0.010298747616658206
0.008692167662225941
0.007157673014971273
0.0057335996406938285
0.004454664420560481
0.0033465173263282594
0.002425127330460646
0.0016965201107792874
0.001156628855265555
0.0007949765127534295
0.0006099013891912418
0.0006576454336129733
0.0010673941996140052
0.0014659217049303097
0.0014054164449447623
0.0011758772634503972
0.0009540362401352141
0.0007724400290259747
0.0006293625009011048
0.0005176365677815027
0.0004303012825369239
0.00036157337153725004
0.00030687516925233255
0.00026267160259888596
0.0002262834513024433
0.00019571739547603
0.0001695213500248579
0.00014666430085124845
0.00012643729516897755
0.00010837202613546716
9.217403644262267e-05
7.766828740723739e-05
6.475542744357416e-05
5.337747111424995e-05
4.3491788165261376e-05
3.505235867618457e-05
2.799723616140598e-05
2.2241122318365126e-05
1.767192390060621e-05
1.4150143941186947e-05
1.1509943864967285e-05
9.560634993269104e-06
8.086933658533828e-06
6.843961539911396e-06
5.523255239467796e-06
3.677016297149089e-06
2.2872586780517735e-06
1.2230060888401112e-06
5.242878954012624e-07
2.286566410597687e-07
3.2773801433413284e-07
7.676074239362859e-07
1.4629286342367638e-06
2.3181614205453777e-06
3.252259495859654e-06
4.223909262321327e-06
5.2547209668981055e-06
6.4485084055292805e-06
8.006160919916887e-06
1.0237709288646517e-05
1.3575895460322237e-05
1.859850241332502e-05
2.6069232415562284e-05
3.700813537208676e-05
5.280144280912017e-05
